3.5234e+05
3.5234e+05
5.5592e+05
3.7975e+05
3.7975e+05
3.7977e+05
3.8494e+05
4.8825e+05
4.9144e+05
3.7975e+05
3.7975e+05
3.7987e+05
4.9144e+05
4.91e+05
3.8016e+05
4.4858e+05
3.8781e+05
3.8045e+05
3.8266e+05
3.7768e+05
4.4846e+05
4.4615e+05
3.7964e+05
4.1647e+05
3.8468e+05
3.7977e+05
3.8038e+05
3.7976e+05
4.5375e+05
4.5083e+05
3.7486e+05
3.8041e+05
3.801e+05
3.7977e+05
3.8005e+05
3.8391e+05
3.7757e+05
3.801e+05
3.7258e+05
3.5238e+05
4.5641e+05
4.4634e+05
3.7747e+05
3.83e+05
4.5412e+05
4.5125e+05
3.7715e+05
3.7975e+05
3.8011e+05
3.7978e+05
4.9099e+05
3.8263e+05
3.7975e+05
3.7975e+05
3.789e+05
3.829e+05
3.8292e+05
4.4821e+05
4.4877e+05
3.8755e+05
3.8293e+05
3.7803e+05
3.7924e+05
3.6525e+05
3.5544e+05
4.193e+05
4.2031e+05
3.7757e+05
3.8008e+05
3.8009e+05
3.8002e+05
4.5344e+05
4.5346e+05
3.7985e+05
3.7975e+05
3.8011e+05
3.7979e+05
3.8076e+05
3.8339e+05
3.8039e+05
3.804e+05
3.5728e+05
3.524e+05
3.5755e+05
3.5779e+05
3.5521e+05
4.5083e+05
4.5086e+05
3.5792e+05
3.5794e+05
3.5296e+05
3.6432e+05
3.6362e+05
3.5879e+05
3.5758e+05
3.6365e+05
3.643e+05
3.5792e+05
3.5835e+05
3.5835e+05
4.6206e+05
4.5715e+05
4.6181e+05
4.9143e+05
3.6425e+05
4.5698e+05
4.5715e+05
3.638e+05
3.5237e+05
3.5978e+05
4.1945e+05
3.8045e+05
3.7982e+05
3.798e+05
4.5321e+05
4.6159e+05
4.9336e+05
4.9345e+05
3.804e+05
4.8814e+05
3.8045e+05
3.8347e+05
3.8038e+05
3.7984e+05
3.7236e+05
3.5237e+05
3.5787e+05
4.5381e+05
4.5351e+05
3.5297e+05
3.5556e+05
3.5804e+05
3.5794e+05
3.643e+05
3.5305e+05
3.78e+05
3.5835e+05
3.5752e+05
3.6365e+05
3.6365e+05
3.5816e+05
3.5813e+05
3.6369e+05
4.5322e+05
4.5348e+05
3.5486e+05
4.9147e+05
4.8569e+05
4.6168e+05
4.5715e+05
4.2766e+05
4.1882e+05
4.271e+05
4.2115e+05
3.8103e+05
3.7982e+05
4.5344e+05
4.5352e+05
4.1946e+05
4.075e+05
4.0748e+05
4.0894e+05
4.075e+05
4.075e+05
4.0739e+05
4.0777e+05
4.1236e+05
4.293e+05
4.2437e+05
4.2408e+05
4.0887e+05
4.0873e+05
4.0889e+05
4.0966e+05
3.8536e+05
3.7977e+05
3.7975e+05
3.841e+05
4.9104e+05
4.9104e+05
3.7975e+05
3.7975e+05
3.7975e+05
4.9144e+05
4.91e+05
3.8507e+05
4.4846e+05
3.7924e+05
3.8014e+05
3.7977e+05
3.8006e+05
4.4846e+05
4.5684e+05
3.7945e+05
3.7717e+05
4.1688e+05
3.8004e+05
3.8063e+05
3.8004e+05
4.5375e+05
4.5083e+05
3.7995e+05
3.8041e+05
3.7982e+05
3.7977e+05
3.8006e+05
3.8821e+05
3.7711e+05
3.8009e+05
3.8125e+05
3.524e+05
3.5815e+05
4.5698e+05
3.7713e+05
3.799e+05
4.5702e+05
4.5126e+05
3.8726e+05
3.7975e+05
3.8011e+05
3.7973e+05
4.91e+05
3.5806e+05
3.7975e+05
3.7975e+05
3.7977e+05
3.8288e+05
3.8292e+05
3.7361e+05
4.4856e+05
3.8837e+05
3.8293e+05
3.8291e+05
3.7925e+05
3.6496e+05
3.5544e+05
4.1923e+05
4.1685e+05
3.7757e+05
3.8014e+05
3.8038e+05
3.8028e+05
4.5346e+05
4.5345e+05
3.8012e+05
3.7977e+05
3.8013e+05
3.8681e+05
3.8045e+05
3.8339e+05
3.8012e+05
3.8617e+05
3.7202e+05
3.524e+05
4.5125e+05
3.5806e+05
3.552e+05
4.5085e+05
4.5411e+05
3.5262e+05
3.5794e+05
3.5303e+05
3.6386e+05
3.6374e+05
3.584e+05
3.6372e+05
3.643e+05
3.643e+05
3.5238e+05
3.5835e+05
3.5835e+05
4.6208e+05
4.616e+05
4.5346e+05
4.9143e+05
4.9145e+05
4.6188e+05
4.5715e+05
3.638e+05
3.5545e+05
3.5978e+05
4.2409e+05
3.7953e+05
3.8009e+05
3.7951e+05
4.5322e+05
4.5314e+05
4.9336e+05
4.9306e+05
3.804e+05
3.8006e+05
3.8004e+05
3.8331e+05
4.8809e+05
3.7981e+05
3.7236e+05
3.5238e+05
3.5785e+05
4.541e+05
3.8436e+05
3.5808e+05
3.6078e+05
3.5303e+05
3.5729e+05
3.643e+05
3.5305e+05
3.6326e+05
3.5835e+05
3.5806e+05
3.6365e+05
3.6428e+05
3.6365e+05
3.5833e+05
3.5878e+05
4.5385e+05
4.5322e+05
3.5515e+05
4.913e+05
4.8566e+05
4.567e+05
4.5681e+05
4.5714e+05
4.2723e+05
4.1644e+05
4.2115e+05
3.8047e+05
3.8006e+05
3.7999e+05
4.5369e+05
3.6427e+05
4.0779e+05
4.0291e+05
4.0765e+05
4.0747e+05
4.0748e+05
4.076e+05
4.0748e+05
4.0775e+05
4.2917e+05
4.2441e+05
4.244e+05
4.0851e+05
4.0285e+05
4.0217e+05
4.0921e+05
4.1648e+05
3.8016e+05
3.7975e+05
3.7975e+05
3.8411e+05
4.91e+05
4.9102e+05
3.7975e+05
3.7977e+05
3.7959e+05
4.9141e+05
3.8334e+05
3.7985e+05
4.4895e+05
3.7973e+05
3.8007e+05
3.8266e+05
3.8762e+05
4.486e+05
4.167e+05
3.7931e+05
4.1649e+05
3.8582e+05
3.8045e+05
3.8004e+05
4.5345e+05
4.5375e+05
4.5086e+05
3.8524e+05
3.8018e+05
3.8009e+05
3.7977e+05
3.8641e+05
3.8337e+05
3.7711e+05
3.8618e+05
3.7516e+05
3.5243e+05
4.5618e+05
4.4715e+05
3.5337e+05
3.7834e+05
4.5657e+05
4.5127e+05
3.812e+05
3.7975e+05
3.8011e+05
3.788e+05
4.9107e+05
3.8263e+05
3.8004e+05
3.7977e+05
3.7885e+05
3.7973e+05
3.8292e+05
4.4877e+05
4.4877e+05
3.8752e+05
3.8293e+05
3.7771e+05
3.8271e+05
3.7999e+05
3.5499e+05
4.1972e+05
4.1686e+05
3.8018e+05
3.8033e+05
3.8006e+05
3.8002e+05
4.5344e+05
4.5347e+05
3.7992e+05
3.7975e+05
3.865e+05
3.7979e+05
3.8073e+05
3.8368e+05
3.8004e+05
3.8038e+05
3.5254e+05
3.5254e+05
4.5642e+05
3.576e+05
4.5577e+05
4.5656e+05
4.5367e+05
4.5072e+05
3.53e+05
3.5296e+05
3.6428e+05
3.6308e+05
3.5848e+05
3.5794e+05
3.6374e+05
3.6389e+05
3.6373e+05
3.5835e+05
3.5859e+05
4.6206e+05
4.5669e+05
4.616e+05
4.9095e+05
3.6424e+05
3.6913e+05
4.5714e+05
3.6379e+05
3.5278e+05
3.5978e+05
4.1902e+05
3.8002e+05
3.8002e+05
4.54e+05
4.5324e+05
4.5086e+05
4.9279e+05
3.8038e+05
3.8011e+05
4.8813e+05
3.8045e+05
4.2815e+05
3.8009e+05
3.8e+05
3.722e+05
3.5236e+05
4.5619e+05
4.5381e+05
4.5838e+05
3.5255e+05
4.508e+05
4.5612e+05
3.6428e+05
3.5563e+05
3.5796e+05
3.5835e+05
3.5835e+05
3.5267e+05
3.6396e+05
3.6365e+05
3.5813e+05
3.5838e+05
3.6081e+05
4.5338e+05
4.5322e+05
3.6292e+05
4.9095e+05
3.5252e+05
4.6184e+05
4.5714e+05
4.2769e+05
4.1622e+05
4.2019e+05
4.2399e+05
3.8038e+05
3.7953e+05
4.5371e+05
4.5063e+05
4.1672e+05
4.0698e+05
4.0874e+05
4.0894e+05
4.075e+05
4.075e+05
4.0654e+05
4.0779e+05
4.2218e+05
4.2881e+05
4.2437e+05
4.2358e+05
4.0926e+05
4.0873e+05
4.0858e+05
4.1457e+05
4.0964e+05
3.7977e+05
3.7975e+05
3.8411e+05
4.9104e+05
4.9101e+05
3.8045e+05
3.7975e+05
3.7948e+05
4.9081e+05
4.9078e+05
3.8014e+05
4.4831e+05
3.7924e+05
3.797e+05
3.7977e+05
3.7982e+05
4.4667e+05
4.4887e+05
4.1865e+05
3.7735e+05
3.8249e+05
3.7985e+05
3.798e+05
3.8028e+05
3.552e+05
3.8295e+05
3.7955e+05
3.8041e+05
3.798e+05
3.7977e+05
3.8006e+05
3.8764e+05
3.8463e+05
3.7974e+05
3.7518e+05
3.5255e+05
3.5786e+05
4.5669e+05
4.5159e+05
3.7808e+05
4.5662e+05
4.5083e+05
4.5084e+05
3.7975e+05
3.8011e+05
3.8009e+05
3.5837e+05
3.5806e+05
3.8409e+05
3.7975e+05
3.7977e+05
3.7915e+05
3.8292e+05
3.7784e+05
4.5669e+05
3.8779e+05
3.8293e+05
3.8291e+05
3.744e+05
3.6518e+05
4.2397e+05
3.5539e+05
4.1687e+05
4.1666e+05
3.8004e+05
3.8038e+05
3.8004e+05
4.5375e+05
4.5061e+05
4.5104e+05
3.8012e+05
3.8011e+05
3.8681e+05
3.8014e+05
3.831e+05
3.773e+05
3.8039e+05
3.5291e+05
4.6207e+05
4.5622e+05
4.5875e+05
4.5374e+05
4.5697e+05
4.5339e+05
3.5252e+05
4.5129e+05
3.5305e+05
3.6423e+05
3.6133e+05
4.5648e+05
3.5839e+05
3.6426e+05
3.6365e+05
3.643e+05
3.5818e+05
3.5835e+05
4.6207e+05
4.5681e+05
4.5689e+05
4.9099e+05
4.9095e+05
4.7609e+05
4.5706e+05
3.638e+05
5.5542e+05
5.5139e+05
5.4415e+05
3.8045e+05
3.8009e+05
3.8546e+05
4.5385e+05
4.5087e+05
4.5123e+05
4.9307e+05
4.8849e+05
4.8814e+05
3.8004e+05
3.8332e+05
5.4416e+05
3.8616e+05
3.7259e+05
3.5238e+05
3.5789e+05
4.5158e+05
3.6017e+05
3.5265e+05
3.6003e+05
3.5257e+05
3.5757e+05
3.643e+05
3.617e+05
3.806e+05
4.5141e+05
3.5806e+05
3.6363e+05
3.6365e+05
3.6365e+05
3.5838e+05
3.5837e+05
3.5561e+05
4.5349e+05
3.5515e+05
4.9096e+05
3.5253e+05
3.6392e+05
4.5715e+05
4.2767e+05
4.274e+05
4.2744e+05
4.1687e+05
3.8016e+05
3.8002e+05
3.7974e+05
4.5386e+05
4.5122e+05
4.0506e+05
4.095e+05
4.0933e+05
4.0933e+05
4.075e+05
4.0716e+05
4.0767e+05
4.0775e+05
4.2441e+05
4.2931e+05
4.244e+05
4.187e+05
4.0938e+05
4.0892e+05
4.0949e+05
3.6345e+05
3.6343e+05
5.4047e+05
4.1213e+05
4.0739e+05
3.6807e+05
4.2489e+05
5.4418e+05
5.4463e+05
4.8567e+05
5.4458e+05
5.4462e+05
5.4462e+05
4.1683e+05
5.44e+05
4.9103e+05
5.4418e+05
3.9176e+05
4.2217e+05
5.4446e+05
4.5389e+05
5.4462e+05
5.4491e+05
5.4705e+05
5.4214e+05
5.5053e+05
5.468e+05
4.1897e+05
5.503e+05
5.5006e+05
4.9101e+05
5.4015e+05
4.2204e+05
5.4442e+05
5.4546e+05
5.4501e+05
3.8007e+05
3.7978e+05
3.7993e+05
4.8637e+05
4.0777e+05
4.0287e+05
5.447e+05
5.4537e+05
5.5152e+05
3.8334e+05
5.4401e+05
3.8786e+05
3.798e+05
4.4887e+05
4.5197e+05
4.5661e+05
4.5174e+05
4.5078e+05
4.5085e+05
5.4426e+05
5.4413e+05
5.4402e+05
5.4416e+05
3.7714e+05
3.9697e+05
3.5391e+05
4.0753e+05
3.5854e+05
4.5181e+05
5.4521e+05
5.3552e+05
4.6171e+05
5.2714e+05
4.4826e+05
3.5471e+05
3.7456e+05
4.4848e+05
5.3415e+05
4.4877e+05
4.4876e+05
4.635e+05
4.9278e+05
3.994e+05
4.4833e+05
4.2769e+05
4.5732e+05
3.9957e+05
3.6511e+05
3.731e+05
5.3759e+05
4.1672e+05
4.1272e+05
4.9102e+05
5.3211e+05
4.912e+05
4.8796e+05
4.9626e+05
4.9095e+05
4.91e+05
3.682e+05
4.075e+05
4.9102e+05
3.6326e+05
4.2612e+05
5.4655e+05
4.8553e+05
4.8501e+05
3.9724e+05
3.681e+05
3.6354e+05
5.4998e+05
5.4999e+05
4.5663e+05
5.4972e+05
5.4405e+05
5.5051e+05
5.4482e+05
5.449e+05
4.1646e+05
5.4418e+05
5.392e+05
5.4397e+05
5.4418e+05
3.5258e+05
5.442e+05
5.442e+05
5.4418e+05
5.4678e+05
5.4514e+05
3.8545e+05
3.8512e+05
3.8497e+05
4.1909e+05
5.4787e+05
3.8512e+05
3.8543e+05
5.254e+05
3.5954e+05
3.5953e+05
4.3596e+05
4.9102e+05
4.913e+05
3.8817e+05
4.0156e+05
4.065e+05
3.5256e+05
3.5236e+05
3.5249e+05
4.1642e+05
4.1683e+05
4.3163e+05
4.1506e+05
4.2689e+05
5.4453e+05
5.4407e+05
4.0754e+05
4.5119e+05
5.2704e+05
3.5555e+05
4.1933e+05
4.2144e+05
4.0291e+05
4.2203e+05
5.4978e+05
4.1074e+05
5.3012e+05
4.635e+05
4.682e+05
4.0917e+05
4.0455e+05
4.0455e+05
4.1732e+05
4.7648e+05
5.3533e+05
3.7376e+05
3.5844e+05
3.5568e+05
4.8279e+05
4.0717e+05
4.8553e+05
4.0707e+05
4.8566e+05
5.442e+05
5.4419e+05
3.7714e+05
5.4421e+05
4.8522e+05
5.4998e+05
5.4406e+05
4.9101e+05
5.3926e+05
5.442e+05
3.9178e+05
4.9031e+05
5.2981e+05
3.6561e+05
5.4678e+05
5.4412e+05
5.4688e+05
5.4706e+05
3.8001e+05
3.8508e+05
4.1903e+05
3.8041e+05
5.4996e+05
3.8292e+05
3.8261e+05
3.8271e+05
3.803e+05
5.394e+05
5.4703e+05
5.4644e+05
4.1898e+05
5.4645e+05
4.246e+05
3.8483e+05
3.7003e+05
3.6836e+05
3.7393e+05
3.8005e+05
5.2721e+05
5.2745e+05
5.2221e+05
5.2224e+05
3.8004e+05
4.8784e+05
4.0834e+05
3.8369e+05
3.6736e+05
3.8057e+05
3.7723e+05
3.8184e+05
3.773e+05
4.0168e+05
4.0664e+05
3.7701e+05
4.1414e+05
3.6508e+05
3.8303e+05
3.8312e+05
3.7952e+05
5.3032e+05
5.3049e+05
4.5358e+05
4.1415e+05
4.0428e+05
4.0955e+05
4.4878e+05
4.5341e+05
5.3675e+05
4.4876e+05
4.0428e+05
4.0947e+05
4.0442e+05
5.346e+05
3.5808e+05
3.5315e+05
3.591e+05
3.5507e+05
3.6535e+05
5.3706e+05
4.1258e+05
3.6172e+05
4.9078e+05
3.8625e+05
4.1081e+05
4.9433e+05
4.2617e+05
3.5832e+05
3.56e+05
3.5634e+05
3.5602e+05
3.5981e+05
4.2397e+05
4.2887e+05
3.6009e+05
4.9093e+05
4.8508e+05
4.117e+05
4.0912e+05
3.6301e+05
5.4304e+05
5.4414e+05
5.4419e+05
5.4418e+05
3.5237e+05
5.3928e+05
4.5109e+05
4.0214e+05
3.575e+05
5.4421e+05
5.4513e+05
5.4505e+05
3.5238e+05
5.4417e+05
5.4419e+05
5.442e+05
5.4416e+05
3.5294e+05
5.3968e+05
3.8511e+05
3.8554e+05
3.8508e+05
4.2557e+05
4.1083e+05
4.5378e+05
3.853e+05
3.5593e+05
5.4623e+05
5.364e+05
4.6133e+05
4.6558e+05
4.6566e+05
3.968e+05
4.0672e+05
4.0181e+05
4.0197e+05
4.0663e+05
5.4417e+05
3.7715e+05
5.2441e+05
3.7702e+05
4.7354e+05
4.0205e+05
5.3929e+05
4.0649e+05
4.0164e+05
4.1272e+05
3.5544e+05
3.5498e+05
5.2746e+05
5.2739e+05
4.1933e+05
3.5546e+05
3.6974e+05
4.3161e+05
4.074e+05
3.8014e+05
4.0455e+05
4.1411e+05
4.1409e+05
4.5369e+05
3.7972e+05
3.5909e+05
5.3557e+05
3.5819e+05
4.0419e+05
5.2479e+05
4.4116e+05
3.8273e+05
3.6071e+05
3.5307e+05
3.5581e+05
3.5258e+05
5.4421e+05
4.8031e+05
3.7759e+05
5.4453e+05
3.7742e+05
5.4465e+05
4.8556e+05
5.4402e+05
5.4415e+05
5.4414e+05
4.8069e+05
4.1796e+05
5.4452e+05
5.4722e+05
5.4416e+05
5.4717e+05
5.5543e+05
5.4213e+05
5.456e+05
5.4704e+05
4.2073e+05
5.4977e+05
5.4997e+05
4.9101e+05
5.4011e+05
4.222e+05
5.4405e+05
5.4573e+05
3.8441e+05
3.792e+05
3.841e+05
4.1017e+05
4.0779e+05
4.0257e+05
4.0255e+05
4.0223e+05
3.5542e+05
3.8043e+05
3.8473e+05
5.2923e+05
4.6212e+05
3.8818e+05
4.5355e+05
3.7836e+05
3.7799e+05
3.7712e+05
3.7712e+05
5.4444e+05
5.4423e+05
5.4397e+05
3.7714e+05
5.4416e+05
3.7711e+05
3.7789e+05
3.6275e+05
3.8296e+05
3.8322e+05
3.8339e+05
5.3573e+05
5.3193e+05
5.4031e+05
4.4831e+05
4.5369e+05
3.7954e+05
4.5341e+05
5.4674e+05
5.3702e+05
4.5339e+05
4.4848e+05
3.5508e+05
3.6525e+05
3.7635e+05
4.4848e+05
4.5648e+05
3.5845e+05
3.8452e+05
3.6512e+05
3.7369e+05
3.9338e+05
4.1061e+05
4.0751e+05
4.0719e+05
5.3204e+05
4.9115e+05
4.9101e+05
4.9165e+05
4.9098e+05
4.9098e+05
3.6819e+05
3.5835e+05
3.728e+05
3.5837e+05
4.1794e+05
4.8535e+05
4.8517e+05
4.8018e+05
3.6859e+05
4.9311e+05
3.6816e+05
5.4715e+05
5.4956e+05
4.5633e+05
4.5693e+05
5.4414e+05
4.1693e+05
4.1666e+05
3.5778e+05
3.575e+05
5.4417e+05
5.3923e+05
5.4414e+05
5.4419e+05
3.5255e+05
5.442e+05
5.442e+05
5.4444e+05
5.453e+05
3.538e+05
3.8511e+05
3.8531e+05
3.8489e+05
4.1901e+05
5.4616e+05
3.558e+05
3.8546e+05
4.8522e+05
5.3927e+05
3.5288e+05
4.8508e+05
4.8527e+05
3.8231e+05
3.8205e+05
3.9682e+05
4.0657e+05
4.8514e+05
4.8507e+05
3.5298e+05
4.2131e+05
4.1147e+05
4.3251e+05
4.3213e+05
4.2945e+05
4.5072e+05
5.2454e+05
3.5843e+05
4.537e+05
3.5496e+05
3.5552e+05
5.274e+05
4.1445e+05
5.5456e+05
3.9283e+05
4.2751e+05
4.1596e+05
5.2722e+05
4.6843e+05
4.6813e+05
4.6813e+05
3.9935e+05
4.0427e+05
3.9767e+05
5.296e+05
3.6394e+05
4.1381e+05
4.0441e+05
3.5548e+05
4.8541e+05
4.0789e+05
4.8556e+05
4.861e+05
5.3148e+05
5.4417e+05
5.44e+05
4.116e+05
5.4419e+05
3.7724e+05
5.4444e+05
4.1646e+05
4.9093e+05
5.3924e+05
5.4415e+05
4.8068e+05
4.0279e+05
4.1681e+05
3.6537e+05
5.4418e+05
5.4418e+05
5.4715e+05
5.4705e+05
5.4214e+05
5.4441e+05
4.1931e+05
4.1163e+05
4.9127e+05
4.9104e+05
4.8551e+05
5.45e+05
5.4446e+05
5.4676e+05
5.4413e+05
4.7765e+05
4.8258e+05
4.5294e+05
4.2461e+05
3.8495e+05
5.4712e+05
3.6902e+05
3.7887e+05
3.7532e+05
3.8504e+05
5.4688e+05
4.1647e+05
4.1933e+05
4.4834e+05
5.1699e+05
4.8295e+05
5.4678e+05
3.5273e+05
5.483e+05
5.4765e+05
5.4765e+05
5.4501e+05
5.4419e+05
5.3933e+05
3.9377e+05
4.1321e+05
3.5524e+05
3.7886e+05
3.5878e+05
5.4283e+05
4.1758e+05
5.354e+05
4.5373e+05
5.2714e+05
4.0427e+05
3.5298e+05
4.4877e+05
4.1372e+05
5.3199e+05
4.4818e+05
4.6839e+05
3.5543e+05
3.5509e+05
5.3203e+05
3.6353e+05
3.5425e+05
5.3062e+05
3.6526e+05
3.6543e+05
4.8751e+05
3.5535e+05
4.0443e+05
4.1311e+05
3.5515e+05
4.8783e+05
4.0229e+05
3.5741e+05
4.802e+05
5.4417e+05
4.8404e+05
3.5978e+05
3.6007e+05
3.6538e+05
3.7827e+05
5.4428e+05
4.8548e+05
4.8517e+05
4.172e+05
4.8673e+05
4.2203e+05
4.1969e+05
5.4402e+05
4.9257e+05
5.4397e+05
3.5259e+05
4.2729e+05
4.1676e+05
4.8519e+05
3.7223e+05
5.4419e+05
5.4474e+05
5.4413e+05
5.4413e+05
4.4616e+05
5.4418e+05
5.4417e+05
5.4414e+05
5.4675e+05
5.4425e+05
3.8511e+05
3.8521e+05
3.8414e+05
3.9901e+05
5.2639e+05
4.5404e+05
3.5578e+05
3.8257e+05
5.215e+05
5.2639e+05
5.2643e+05
5.2935e+05
5.2137e+05
5.2941e+05
5.2452e+05
5.2455e+05
4.7046e+05
4.8823e+05
4.8539e+05
5.1956e+05
5.2448e+05
5.2909e+05
5.3287e+05
4.9323e+05
5.3921e+05
5.2457e+05
3.7715e+05
5.4013e+05
3.8801e+05
5.37e+05
5.2702e+05
5.2707e+05
5.3188e+05
5.3217e+05
4.0074e+05
4.8486e+05
5.337e+05
4.6921e+05
5.2784e+05
4.5382e+05
4.5368e+05
4.4882e+05
4.2038e+05
4.9115e+05
4.9096e+05
4.9121e+05
4.1117e+05
4.697e+05
5.4288e+05
3.8004e+05
3.882e+05
3.8843e+05
3.8844e+05
3.882e+05
3.7213e+05
3.6339e+05
4.6544e+05
3.7705e+05
4.8998e+05
3.7697e+05
3.7952e+05
3.7715e+05
3.771e+05
3.7693e+05
3.8534e+05
3.7827e+05
3.6386e+05
3.8842e+05
5.5514e+05
4.9772e+05
5.5511e+05
5.5022e+05
3.8474e+05
3.8719e+05
4.2247e+05
5.5177e+05
3.5979e+05
4.9653e+05
5.5023e+05
4.9269e+05
5.4223e+05
5.5116e+05
5.4222e+05
4.5377e+05
3.8408e+05
4.5726e+05
4.5377e+05
3.6527e+05
3.6528e+05
3.6324e+05
5.4706e+05
3.8494e+05
3.8204e+05
4.2022e+05
4.1648e+05
4.8784e+05
4.4889e+05
4.8524e+05
3.7691e+05
3.526e+05
5.4418e+05
3.5259e+05
5.4418e+05
5.4423e+05
5.3927e+05
5.4415e+05
3.6333e+05
4.2175e+05
3.8286e+05
4.1687e+05
3.5855e+05
4.1785e+05
3.684e+05
5.3539e+05
4.6169e+05
5.3225e+05
4.5293e+05
5.2173e+05
4.5699e+05
5.3562e+05
5.4231e+05
4.5908e+05
4.4985e+05
5.3299e+05
4.5374e+05
4.537e+05
4.5402e+05
4.3437e+05
4.2666e+05
4.9158e+05
4.704e+05
4.8021e+05
3.8946e+05
4.5948e+05
3.931e+05
3.8813e+05
3.7973e+05
3.7966e+05
3.7421e+05
3.6256e+05
3.5245e+05
4.7812e+05
4.7617e+05
3.822e+05
3.8101e+05
4.8766e+05
5.417e+05
3.7724e+05
4.9011e+05
4.8071e+05
3.6297e+05
4.9432e+05
4.7529e+05
5.4417e+05
3.6602e+05
4.8541e+05
5.4416e+05
4.8526e+05
3.7709e+05
4.1679e+05
3.5746e+05
4.9629e+05
3.5729e+05
3.6011e+05
5.5302e+05
5.4447e+05
3.5303e+05
5.4419e+05
4.5071e+05
4.7037e+05
4.9117e+05
4.8832e+05
3.8501e+05
3.8503e+05
3.8463e+05
4.1909e+05
4.5995e+05
3.9486e+05
5.4904e+05
4.7133e+05
4.7628e+05
4.91e+05
4.6121e+05
4.2641e+05
3.8405e+05
4.8226e+05
4.8029e+05
3.8085e+05
5.4427e+05
4.8519e+05
4.8522e+05
4.8517e+05
4.8009e+05
3.9754e+05
5.3144e+05
5.3111e+05
3.8193e+05
3.8222e+05
3.8276e+05
3.5881e+05
3.5796e+05
4.483e+05
5.3017e+05
3.5703e+05
3.6336e+05
5.3739e+05
5.5366e+05
4.1181e+05
4.115e+05
5.3821e+05
5.3267e+05
4.5404e+05
4.4909e+05
3.6978e+05
4.1403e+05
4.8522e+05
4.9628e+05
4.803e+05
4.8087e+05
4.1137e+05
3.8791e+05
3.8818e+05
3.8812e+05
3.8813e+05
3.8812e+05
3.8226e+05
3.6828e+05
5.1629e+05
3.7705e+05
4.9101e+05
4.9402e+05
4.937e+05
3.882e+05
3.7952e+05
3.7973e+05
3.8187e+05
3.7486e+05
4.9631e+05
4.967e+05
4.866e+05
3.8864e+05
3.8353e+05
3.8822e+05
3.878e+05
3.8839e+05
3.8865e+05
3.8488e+05
3.6452e+05
3.6498e+05
4.8076e+05
4.8803e+05
4.9307e+05
3.8616e+05
3.8007e+05
3.7976e+05
3.7975e+05
3.7944e+05
4.1745e+05
3.5495e+05
3.5518e+05
4.8253e+05
3.7995e+05
4.8775e+05
3.8123e+05
3.8412e+05
3.7975e+05
3.7943e+05
3.7915e+05
3.7081e+05
3.5466e+05
3.783e+05
3.8468e+05
3.7975e+05
3.7653e+05
3.8004e+05
3.7976e+05
3.7973e+05
3.7944e+05
3.7912e+05
3.6248e+05
3.587e+05
3.684e+05
3.5379e+05
5.2436e+05
5.2436e+05
5.0566e+05
5.3861e+05
3.6324e+05
3.6338e+05
3.6803e+05
3.9808e+05
4.0043e+05
5.4867e+05
4.6846e+05
5.4282e+05
3.8559e+05
5.4253e+05
3.8345e+05
4.6135e+05
3.5255e+05
3.5807e+05
3.6025e+05
5.4781e+05
4.7007e+05
4.5375e+05
4.6769e+05
3.8937e+05
3.8939e+05
3.8907e+05
3.8319e+05
3.6112e+05
4.1202e+05
3.9653e+05
3.8552e+05
5.4191e+05
3.7697e+05
3.8477e+05
3.7552e+05
3.8446e+05
3.882e+05
4.9546e+05
4.9924e+05
3.778e+05
3.8202e+05
3.8508e+05
3.7223e+05
3.9064e+05
4.3589e+05
3.8448e+05
3.8414e+05
4.9652e+05
3.7714e+05
3.7749e+05
3.5383e+05
3.5735e+05
4.8795e+05
3.8473e+05
4.1624e+05
3.7926e+05
3.7984e+05
3.7489e+05
3.5866e+05
3.5752e+05
3.5533e+05
3.5236e+05
4.5085e+05
4.5354e+05
4.5064e+05
3.616e+05
3.5516e+05
3.7437e+05
3.6922e+05
3.5784e+05
3.5806e+05
3.6009e+05
3.5804e+05
3.5757e+05
3.5835e+05
3.5765e+05
3.6808e+05
5.5005e+05
3.6296e+05
3.6299e+05
3.7811e+05
3.6405e+05
3.5729e+05
4.1663e+05
4.1952e+05
3.5301e+05
4.212e+05
5.2806e+05
3.7975e+05
4.5345e+05
4.5339e+05
4.7644e+05
3.5747e+05
3.5731e+05
3.5238e+05
3.5779e+05
3.5276e+05
3.6364e+05
4.9629e+05
3.628e+05
5.3559e+05
5.353e+05
5.3059e+05
5.3071e+05
3.5498e+05
3.8334e+05
3.5368e+05
3.5983e+05
3.8383e+05
3.8408e+05
3.8871e+05
4.8782e+05
4.9216e+05
3.8407e+05
3.7975e+05
3.7944e+05
4.9078e+05
4.9078e+05
3.8451e+05
4.4833e+05
4.4862e+05
3.7976e+05
3.7997e+05
3.882e+05
4.5318e+05
4.2422e+05
4.1873e+05
4.1649e+05
4.1665e+05
3.7996e+05
3.8002e+05
3.7975e+05
4.5386e+05
4.5086e+05
4.5346e+05
3.804e+05
3.7982e+05
3.8014e+05
3.8006e+05
3.8883e+05
3.8463e+05
3.801e+05
3.7547e+05
3.5515e+05
3.5833e+05
3.6252e+05
3.7751e+05
3.7982e+05
4.5702e+05
4.5078e+05
3.7716e+05
3.7975e+05
3.8011e+05
3.7917e+05
4.5343e+05
3.5806e+05
3.8091e+05
3.7975e+05
3.7977e+05
3.7914e+05
3.8292e+05
4.5397e+05
4.4895e+05
3.8779e+05
3.7941e+05
3.8291e+05
3.7469e+05
3.7347e+05
3.5542e+05
3.5623e+05
4.241e+05
4.1687e+05
3.7985e+05
3.8035e+05
3.8028e+05
4.5346e+05
4.5346e+05
4.5397e+05
3.7977e+05
3.8013e+05
3.8681e+05
3.7975e+05
3.799e+05
3.7716e+05
3.8011e+05
3.7258e+05
3.6381e+05
4.5095e+05
3.5306e+05
4.5364e+05
4.5351e+05
4.5368e+05
3.5259e+05
3.5794e+05
3.5303e+05
3.6423e+05
3.6626e+05
3.5864e+05
3.6369e+05
3.6426e+05
3.643e+05
3.5359e+05
3.5847e+05
3.5835e+05
4.6208e+05
4.616e+05
4.4855e+05
4.9095e+05
4.9095e+05
3.5484e+05
4.5715e+05
4.5715e+05
3.6381e+05
3.6022e+05
3.6021e+05
3.7973e+05
3.8009e+05
3.8034e+05
4.5343e+05
4.6188e+05
3.807e+05
4.9308e+05
3.804e+05
4.8814e+05
3.8004e+05
3.834e+05
5.4416e+05
3.8618e+05
3.722e+05
3.5238e+05
3.5806e+05
4.5383e+05
4.5836e+05
3.8269e+05
3.5743e+05
4.5677e+05
3.5794e+05
3.643e+05
3.617e+05
3.6587e+05
3.5806e+05
3.5827e+05
3.6363e+05
3.643e+05
3.643e+05
3.5833e+05
3.5878e+05
4.5344e+05
4.5348e+05
3.5517e+05
4.9095e+05
4.8517e+05
3.5467e+05
4.5681e+05
4.2767e+05
4.2761e+05
4.1643e+05
4.222e+05
3.7834e+05
3.8031e+05
3.8007e+05
4.5256e+05
3.5245e+05
4.0226e+05
4.0243e+05
4.0185e+05
4.5096e+05
4.0214e+05
5.446e+05
4.0671e+05
3.6299e+05
4.2408e+05
4.191e+05
4.1453e+05
4.8765e+05
3.9061e+05
4.238e+05
4.1688e+05
4.1972e+05
3.7967e+05
3.7987e+05
3.7954e+05
3.8014e+05
3.8507e+05
3.8004e+05
3.7973e+05
3.7973e+05
3.7938e+05
3.6122e+05
3.8293e+05
3.6494e+05
3.8444e+05
3.7953e+05
4.8785e+05
3.7977e+05
3.8553e+05
3.7463e+05
3.7999e+05
4.1876e+05
3.7757e+05
3.7948e+05
3.8041e+05
3.8669e+05
4.5345e+05
4.5086e+05
4.5125e+05
3.8562e+05
3.8012e+05
3.8011e+05
3.8641e+05
3.9172e+05
3.8348e+05
3.8607e+05
3.804e+05
3.748e+05
3.5255e+05
3.5815e+05
4.5587e+05
3.7812e+05
3.8264e+05
4.5657e+05
4.5678e+05
3.7975e+05
3.7975e+05
3.8009e+05
3.7919e+05
4.5177e+05
3.8264e+05
3.7975e+05
3.7977e+05
3.8381e+05
3.7482e+05
3.5838e+05
4.4877e+05
3.7999e+05
3.8724e+05
3.8293e+05
3.779e+05
3.732e+05
3.7972e+05
4.19e+05
4.1808e+05
4.1686e+05
3.7954e+05
3.7985e+05
4.929e+05
3.9247e+05
4.5358e+05
4.5366e+05
3.8785e+05
3.8501e+05
3.8078e+05
5.441e+05
3.7706e+05
3.8342e+05
3.8067e+05
3.8408e+05
3.5952e+05
3.6382e+05
4.4683e+05
4.5489e+05
4.5035e+05
4.5447e+05
3.5261e+05
4.5069e+05
3.5242e+05
3.599e+05
3.5959e+05
4.6681e+05
3.6387e+05
3.6846e+05
3.6236e+05
3.6369e+05
3.6336e+05
5.4445e+05
3.5865e+05
4.6162e+05
4.4831e+05
4.8645e+05
4.9629e+05
4.9628e+05
4.5018e+05
4.4706e+05
3.638e+05
3.5986e+05
3.5978e+05
4.1903e+05
3.8067e+05
3.7982e+05
4.537e+05
4.5062e+05
4.6179e+05
4.9308e+05
3.8038e+05
4.8786e+05
4.8813e+05
3.8005e+05
5.5099e+05
3.801e+05
3.7455e+05
3.5255e+05
3.5755e+05
4.5645e+05
4.4751e+05
3.8252e+05
3.5746e+05
4.5077e+05
4.5736e+05
3.643e+05
3.617e+05
3.6024e+05
3.7309e+05
3.5806e+05
3.5325e+05
3.6363e+05
3.5238e+05
3.5857e+05
3.5879e+05
5.1684e+05
5.4659e+05
4.8783e+05
4.852e+05
4.9095e+05
3.5248e+05
4.6185e+05
4.5716e+05
4.2766e+05
4.1624e+05
4.2e+05
3.7954e+05
3.8014e+05
3.7988e+05
4.5346e+05
4.5352e+05
4.1745e+05
5.2646e+05
4.0328e+05
4.033e+05
4.036e+05
4.0328e+05
4.0705e+05
4.0777e+05
4.2253e+05
4.2875e+05
4.238e+05
4.2409e+05
3.7936e+05
4.0874e+05
4.0353e+05
3.9807e+05
3.6377e+05
3.6809e+05
4.0785e+05
5.3494e+05
3.649e+05
4.4871e+05
5.4418e+05
5.4463e+05
4.169e+05
4.8509e+05
5.4457e+05
5.442e+05
4.1634e+05
4.9139e+05
5.3929e+05
5.4421e+05
3.8686e+05
4.1661e+05
4.168e+05
3.6251e+05
5.4462e+05
5.446e+05
5.4688e+05
5.4706e+05
5.5052e+05
5.5201e+05
4.1931e+05
4.2666e+05
5.5006e+05
4.9102e+05
4.9069e+05
5.4522e+05
4.2267e+05
4.1243e+05
5.4992e+05
5.4157e+05
4.1874e+05
5.4633e+05
3.902e+05
3.8496e+05
4.0748e+05
5.5023e+05
4.0922e+05
4.7318e+05
3.6023e+05
3.8769e+05
3.8493e+05
3.8002e+05
3.8011e+05
3.8474e+05
4.4591e+05
4.5113e+05
4.5083e+05
5.4417e+05
5.4443e+05
5.4419e+05
5.4405e+05
5.4418e+05
3.7708e+05
3.9175e+05
4.1229e+05
3.6824e+05
3.8319e+05
4.5689e+05
5.4511e+05
4.5326e+05
5.354e+05
5.3204e+05
4.8261e+05
4.5339e+05
3.5469e+05
3.8456e+05
4.1437e+05
4.5321e+05
4.4875e+05
3.8416e+05
5.417e+05
5.4401e+05
5.4426e+05
4.4867e+05
4.4989e+05
5.3195e+05
4.0912e+05
3.5293e+05
3.6705e+05
3.907e+05
4.9165e+05
3.9767e+05
4.7206e+05
4.8784e+05
4.8763e+05
4.041e+05
4.9102e+05
4.2253e+05
4.864e+05
3.7804e+05
4.0748e+05
4.8638e+05
4.9102e+05
5.5296e+05
4.9082e+05
4.8522e+05
3.9194e+05
3.8223e+05
3.6392e+05
5.4708e+05
5.4423e+05
5.4422e+05
5.5516e+05
3.5258e+05
5.3917e+05
4.1667e+05
4.02e+05
3.7223e+05
5.4421e+05
5.3921e+05
5.4398e+05
5.4418e+05
4.2648e+05
5.4419e+05
5.442e+05
5.4416e+05
5.4444e+05
4.5068e+05
5.4765e+05
3.8557e+05
3.8497e+05
3.8471e+05
4.5333e+05
3.8804e+05
3.8528e+05
5.1453e+05
3.5951e+05
3.526e+05
3.5459e+05
4.9393e+05
3.9087e+05
3.821e+05
4.0669e+05
4.0178e+05
3.8411e+05
4.0173e+05
5.3425e+05
3.5254e+05
3.5252e+05
3.6228e+05
3.5757e+05
3.5252e+05
3.5758e+05
4.5091e+05
4.8011e+05
3.5832e+05
3.6352e+05
3.5257e+05
4.9751e+05
5.1453e+05
4.025e+05
4.0257e+05
3.7208e+05
3.5247e+05
5.351e+05
5.2699e+05
4.0297e+05
3.5484e+05
3.6005e+05
3.5542e+05
3.5478e+05
3.6492e+05
3.5874e+05
3.83e+05
5.3974e+05
4.568e+05
3.5821e+05
3.5781e+05
4.073e+05
4.5639e+05
4.8753e+05
4.127e+05
5.4419e+05
4.8298e+05
3.7702e+05
5.4417e+05
4.9126e+05
4.1634e+05
4.9103e+05
5.3908e+05
5.4993e+05
5.4418e+05
3.9667e+05
3.7874e+05
4.8818e+05
5.4656e+05
4.8522e+05
5.4659e+05
5.4705e+05
4.1931e+05
3.7782e+05
3.7769e+05
3.8462e+05
5.5009e+05
4.2264e+05
3.8293e+05
3.829e+05
3.8286e+05
4.1154e+05
3.65e+05
4.3115e+05
4.3344e+05
4.3114e+05
4.3906e+05
4.2412e+05
4.1943e+05
3.5547e+05
3.5745e+05
5.1465e+05
5.4053e+05
5.2719e+05
5.3039e+05
4.8813e+05
3.5547e+05
3.6941e+05
3.7975e+05
3.7945e+05
3.7973e+05
3.7973e+05
3.6719e+05
3.5603e+05
3.5584e+05
4.0356e+05
5.4416e+05
4.0382e+05
4.0843e+05
3.5523e+05
3.5333e+05
3.5853e+05
3.5245e+05
3.5852e+05
3.5496e+05
3.5814e+05
5.2694e+05
5.2708e+05
4.0355e+05
3.7939e+05
4.4848e+05
5.3991e+05
4.5338e+05
4.4806e+05
3.5551e+05
4.1399e+05
4.6951e+05
4.0221e+05
4.0284e+05
4.0768e+05
4.029e+05
3.6491e+05
3.6813e+05
4.1248e+05
4.0872e+05
4.0381e+05
4.0377e+05
5.3347e+05
4.8623e+05
4.8663e+05
4.0787e+05
3.6125e+05
3.5976e+05
3.5855e+05
3.5843e+05
3.5986e+05
4.9252e+05
4.8832e+05
4.8548e+05
4.8517e+05
4.0646e+05
4.3252e+05
4.8608e+05
4.0522e+05
5.4722e+05
5.4449e+05
3.5532e+05
4.2744e+05
4.1663e+05
4.1698e+05
5.4527e+05
5.4453e+05
4.1645e+05
4.1642e+05
3.5252e+05
5.4419e+05
5.4454e+05
3.5258e+05
5.442e+05
5.4417e+05
4.3113e+05
5.4412e+05
3.9504e+05
3.8512e+05
3.8809e+05
3.797e+05
3.7976e+05
3.8213e+05
3.7531e+05
3.5556e+05
4.4417e+05
4.124e+05
4.6181e+05
4.4597e+05
4.4593e+05
4.5083e+05
3.7713e+05
3.7732e+05
4.4573e+05
4.4403e+05
5.4417e+05
5.4413e+05
4.852e+05
3.7703e+05
5.247e+05
4.1674e+05
5.3984e+05
4.0668e+05
4.0415e+05
5.4014e+05
3.8291e+05
3.6974e+05
5.2716e+05
5.27e+05
4.3716e+05
5.3582e+05
4.5326e+05
4.3972e+05
4.6031e+05
4.0166e+05
5.4988e+05
4.5902e+05
4.538e+05
4.5402e+05
4.3359e+05
4.7823e+05
4.9097e+05
4.2769e+05
4.1632e+05
4.2102e+05
5.3906e+05
3.8798e+05
3.9312e+05
3.8843e+05
3.8838e+05
3.8387e+05
3.7693e+05
3.8815e+05
3.8262e+05
3.6232e+05
3.7786e+05
3.7756e+05
4.9139e+05
4.9398e+05
3.7716e+05
3.7711e+05
3.7694e+05
3.8844e+05
3.8781e+05
3.8289e+05
3.6294e+05
5.5179e+05
5.4657e+05
5.4657e+05
4.273e+05
3.7952e+05
3.796e+05
3.7717e+05
4.222e+05
3.7798e+05
3.7278e+05
4.9096e+05
3.7954e+05
3.7448e+05
5.4679e+05
4.5319e+05
4.578e+05
4.5777e+05
4.2424e+05
5.3111e+05
5.2745e+05
5.4529e+05
3.6329e+05
5.471e+05
4.5314e+05
4.234e+05
4.1936e+05
4.8549e+05
4.538e+05
4.8755e+05
4.1154e+05
3.7754e+05
3.7714e+05
5.4397e+05
5.4443e+05
5.4419e+05
5.4401e+05
5.4418e+05
3.7714e+05
4.9085e+05
3.7895e+05
4.1175e+05
5.2925e+05
3.5852e+05
3.5848e+05
4.5186e+05
4.4841e+05
5.302e+05
5.2737e+05
4.0457e+05
3.5491e+05
4.1947e+05
4.5939e+05
4.207e+05
4.5509e+05
4.5478e+05
5.3277e+05
4.5896e+05
4.5345e+05
4.5345e+05
3.5613e+05
4.8781e+05
4.8781e+05
4.9598e+05
4.8457e+05
4.6491e+05
3.747e+05
3.8791e+05
3.8501e+05
3.8818e+05
3.8838e+05
3.7693e+05
3.7742e+05
3.8291e+05
3.778e+05
3.7708e+05
4.9578e+05
3.7692e+05
3.7693e+05
3.8185e+05
3.879e+05
3.8807e+05
3.8769e+05
3.8748e+05
3.7289e+05
4.2896e+05
5.0468e+05
4.9562e+05
5.4404e+05
3.7714e+05
3.8291e+05
3.7972e+05
3.8287e+05
3.6768e+05
3.6355e+05
3.6383e+05
4.262e+05
5.4417e+05
5.4455e+05
3.5269e+05
4.2626e+05
5.3066e+05
3.9175e+05
3.9734e+05
3.8535e+05
3.8523e+05
3.8495e+05
3.5513e+05
4.2412e+05
3.6018e+05
3.9519e+05
4.1178e+05
5.4474e+05
3.5837e+05
4.85e+05
4.4144e+05
4.2135e+05
3.7716e+05
4.8034e+05
4.802e+05
3.8473e+05
3.821e+05
3.7706e+05
3.771e+05
4.3604e+05
4.8812e+05
4.9036e+05
5.4403e+05
5.3908e+05
5.2442e+05
4.5695e+05
3.8332e+05
3.9292e+05
3.7952e+05
3.7973e+05
4.466e+05
3.9521e+05
3.9153e+05
5.4967e+05
4.1703e+05
5.3462e+05
3.5653e+05
5.3275e+05
4.511e+05
4.4847e+05
4.53e+05
4.2521e+05
4.9638e+05
4.8626e+05
4.9097e+05
4.3206e+05
5.4183e+05
3.825e+05
3.8813e+05
3.8813e+05
3.8811e+05
3.7393e+05
3.8811e+05
3.8292e+05
3.6855e+05
3.8681e+05
3.7799e+05
3.9203e+05
3.7698e+05
3.7697e+05
3.7976e+05
3.7915e+05
3.8289e+05
3.8059e+05
3.8821e+05
3.6364e+05
3.8821e+05
3.9313e+05
3.8812e+05
3.832e+05
3.8885e+05
3.8473e+05
3.8841e+05
3.8808e+05
3.8487e+05
3.6383e+05
3.6059e+05
4.0826e+05
3.9313e+05
3.8334e+05
3.841e+05
5.2653e+05
3.84e+05
4.5864e+05
3.6912e+05
3.7728e+05
3.5496e+05
3.6365e+05
4.0829e+05
3.7494e+05
3.8422e+05
3.8409e+05
3.8369e+05
3.8402e+05
3.7572e+05
3.8215e+05
3.7982e+05
3.6854e+05
4.9136e+05
4.5206e+05
3.7332e+05
3.8386e+05
3.595e+05
3.7869e+05
3.7786e+05
5.2967e+05
3.7861e+05
3.6094e+05
3.5618e+05
3.6268e+05
3.622e+05
5.3912e+05
3.6958e+05
5.5031e+05
4.9115e+05
4.6004e+05
4.0213e+05
3.8787e+05
5.3702e+05
5.4432e+05
4.7039e+05
4.5885e+05
4.5496e+05
3.8559e+05
3.8438e+05
3.9266e+05
4.5465e+05
3.6261e+05
3.6501e+05
3.5884e+05
5.5331e+05
4.7043e+05
4.5877e+05
5.5032e+05
5.4199e+05
5.4199e+05
3.8937e+05
3.8844e+05
5.3059e+05
3.7187e+05
3.5908e+05
3.9712e+05
3.8343e+05
3.7422e+05
5.42e+05
5.3709e+05
3.7495e+05
3.8329e+05
3.8844e+05
3.6327e+05
4.4511e+05
4.423e+05
4.0668e+05
3.5527e+05
3.7695e+05
3.602e+05
3.602e+05
3.6511e+05
3.8415e+05
3.6387e+05
3.9244e+05
3.5981e+05
3.5524e+05
3.7711e+05
3.8481e+05
4.1627e+05
3.7691e+05
3.7436e+05
3.5731e+05
3.5785e+05
4.5084e+05
3.5251e+05
3.5836e+05
3.5736e+05
4.5065e+05
3.5728e+05
3.5529e+05
3.5487e+05
3.7431e+05
3.7262e+05
3.5806e+05
3.5337e+05
3.5266e+05
3.5246e+05
3.5486e+05
3.5301e+05
3.5272e+05
3.6831e+05
3.775e+05
3.6298e+05
3.6297e+05
4.1307e+05
3.6606e+05
3.5253e+05
4.1991e+05
3.5274e+05
3.5857e+05
4.2021e+05
3.8499e+05
4.5367e+05
4.5363e+05
3.7745e+05
4.8085e+05
3.5759e+05
3.5257e+05
3.5278e+05
3.5238e+05
3.5297e+05
3.5238e+05
4.9138e+05
3.7313e+05
5.4051e+05
5.2721e+05
5.3562e+05
3.5991e+05
3.5392e+05
3.8273e+05
4.8886e+05
3.8444e+05
3.841e+05
3.8409e+05
3.8867e+05
4.9215e+05
5.2712e+05
3.7944e+05
3.7973e+05
3.796e+05
4.9144e+05
4.9143e+05
3.8478e+05
4.4885e+05
3.7973e+05
3.7999e+05
3.8259e+05
3.8386e+05
4.4846e+05
4.2045e+05
4.1896e+05
3.8016e+05
3.8516e+05
3.8014e+05
3.798e+05
4.5348e+05
4.5086e+05
4.5105e+05
3.8529e+05
3.7977e+05
3.801e+05
3.8679e+05
3.8046e+05
3.8316e+05
3.7711e+05
3.804e+05
3.7518e+05
3.5255e+05
3.5814e+05
4.5413e+05
3.6027e+05
3.7945e+05
4.5367e+05
4.5084e+05
3.8033e+05
3.7975e+05
3.7973e+05
3.7889e+05
4.517e+05
3.549e+05
3.8293e+05
3.7977e+05
3.7885e+05
3.7482e+05
3.8292e+05
4.4858e+05
4.5744e+05
3.8262e+05
3.8293e+05
3.7455e+05
4.5295e+05
3.7968e+05
4.1901e+05
4.1894e+05
4.1987e+05
3.7705e+05
3.7992e+05
3.8009e+05
3.8017e+05
4.537e+05
4.5363e+05
3.8028e+05
3.7977e+05
3.8013e+05
3.7977e+05
3.8073e+05
3.834e+05
3.8042e+05
3.8609e+05
3.5254e+05
3.5254e+05
4.5133e+05
3.576e+05
4.6011e+05
4.5658e+05
4.5373e+05
4.5637e+05
3.5301e+05
3.5303e+05
3.643e+05
3.6365e+05
3.5845e+05
3.6335e+05
3.6428e+05
3.5303e+05
3.6165e+05
3.5878e+05
3.5835e+05
4.6174e+05
4.4831e+05
4.561e+05
4.9095e+05
3.5286e+05
4.0745e+05
3.5369e+05
3.6379e+05
3.5278e+05
3.5978e+05
4.1904e+05
3.8002e+05
3.7982e+05
4.5375e+05
4.5125e+05
4.51e+05
4.9336e+05
3.8038e+05
3.7977e+05
4.8813e+05
3.8047e+05
4.2324e+05
3.775e+05
3.7945e+05
3.722e+05
3.5785e+05
3.5876e+05
5.3421e+05
4.5804e+05
4.5079e+05
3.5251e+05
4.5628e+05
3.643e+05
3.643e+05
3.5536e+05
4.5661e+05
3.5806e+05
3.5789e+05
3.6398e+05
3.6365e+05
3.5325e+05
3.5835e+05
3.5995e+05
4.5322e+05
4.5348e+05
3.5486e+05
4.9098e+05
3.5255e+05
4.6216e+05
4.5725e+05
4.5714e+05
4.1624e+05
4.1645e+05
4.2395e+05
3.8009e+05
3.8006e+05
4.537e+05
4.5086e+05
5.3918e+05
4.0216e+05
4.0189e+05
4.0183e+05
4.0185e+05
4.0185e+05
4.07e+05
4.0227e+05
5.0058e+05
4.2402e+05
4.2373e+05
3.6858e+05
3.9058e+05
3.8963e+05
4.1916e+05
4.1688e+05
3.6059e+05
3.7961e+05
3.7975e+05
3.7919e+05
3.8505e+05
3.8464e+05
3.7945e+05
3.7973e+05
3.8436e+05
3.7944e+05
3.7788e+05
3.7035e+05
3.7959e+05
3.7946e+05
3.8262e+05
3.7977e+05
3.7977e+05
3.8813e+05
4.4889e+05
4.1863e+05
3.7917e+05
3.8248e+05
3.7987e+05
3.804e+05
3.7999e+05
4.5392e+05
4.5126e+05
3.7973e+05
3.8045e+05
3.7982e+05
3.8014e+05
3.8006e+05
3.8826e+05
3.8463e+05
3.801e+05
3.7547e+05
3.5255e+05
3.5833e+05
3.9745e+05
3.7753e+05
3.7955e+05
4.5702e+05
4.5079e+05
3.8495e+05
3.7975e+05
3.8011e+05
3.8011e+05
3.8271e+05
3.5806e+05
3.838e+05
3.7975e+05
3.7972e+05
3.8334e+05
3.5517e+05
3.7268e+05
4.4831e+05
3.8779e+05
3.794e+05
3.8291e+05
3.7443e+05
4.4803e+05
4.2397e+05
4.1923e+05
4.199e+05
4.1688e+05
3.7955e+05
3.7989e+05
3.7992e+05
4.5331e+05
4.5345e+05
4.6027e+05
3.8545e+05
3.8199e+05
3.7739e+05
4.8287e+05
4.7673e+05
3.8105e+05
3.8069e+05
3.648e+05
3.6381e+05
4.508e+05
3.5991e+05
4.5459e+05
4.5107e+05
4.5139e+05
3.5253e+05
3.5967e+05
3.602e+05
3.6365e+05
3.6826e+05
3.6337e+05
3.6848e+05
3.6263e+05
3.6088e+05
3.5846e+05
3.5747e+05
5.4409e+05
4.6164e+05
3.7954e+05
4.8617e+05
4.856e+05
4.9628e+05
4.5178e+05
4.5684e+05
4.4617e+05
4.1931e+05
3.5255e+05
3.6021e+05
3.7996e+05
3.8011e+05
3.8012e+05
4.5324e+05
4.6188e+05
3.7897e+05
4.9308e+05
3.804e+05
4.8814e+05
3.8004e+05
3.8338e+05
5.5196e+05
3.8616e+05
3.722e+05
3.5238e+05
3.5806e+05
4.5198e+05
4.5836e+05
3.5873e+05
3.6321e+05
4.5674e+05
3.5823e+05
3.643e+05
3.617e+05
3.6587e+05
3.5835e+05
3.5806e+05
3.6365e+05
3.6367e+05
3.6365e+05
3.5835e+05
3.5835e+05
3.5498e+05
5.1719e+05
5.423e+05
4.91e+05
4.8518e+05
3.6318e+05
4.5678e+05
4.9644e+05
4.2761e+05
4.2741e+05
4.1632e+05
3.7717e+05
3.8011e+05
3.8004e+05
4.8784e+05
3.5298e+05
4.0588e+05
4.0245e+05
4.0879e+05
4.0229e+05
4.0252e+05
4.016e+05
4.0678e+05
4.0775e+05
4.2439e+05
4.2877e+05
4.1921e+05
4.8826e+05
3.9492e+05
4.5768e+05
4.0199e+05
3.526e+05
3.8818e+05
3.6862e+05
3.6625e+05
3.8003e+05
3.8563e+05
3.8019e+05
3.8019e+05
3.8475e+05
3.9202e+05
3.8439e+05
3.7492e+05
3.7978e+05
3.9304e+05
3.6335e+05
3.8784e+05
3.7976e+05
3.8144e+05
3.7955e+05
4.1943e+05
3.801e+05
3.7696e+05
3.7597e+05
3.8066e+05
4.5344e+05
4.5346e+05
4.537e+05
4.5312e+05
4.5381e+05
3.7985e+05
4.8819e+05
4.945e+05
3.8536e+05
5.505e+05
3.7713e+05
3.8002e+05
3.8095e+05
3.5816e+05
3.582e+05
3.8014e+05
3.5524e+05
4.5615e+05
4.5664e+05
4.5078e+05
3.5646e+05
3.619e+05
3.5523e+05
3.7487e+05
4.5122e+05
3.5852e+05
4.5087e+05
3.5499e+05
3.5549e+05
4.5303e+05
3.6272e+05
3.6276e+05
3.6361e+05
4.1209e+05
3.6816e+05
3.6294e+05
3.7928e+05
3.5749e+05
4.1666e+05
4.2013e+05
4.1687e+05
4.2156e+05
5.477e+05
4.5344e+05
4.5344e+05
4.5348e+05
4.5315e+05
4.8821e+05
4.8757e+05
4.8822e+05
4.8814e+05
3.9173e+05
5.5096e+05
3.5583e+05
3.8039e+05
3.8094e+05
3.5846e+05
3.6128e+05
3.5415e+05
3.5546e+05
4.5661e+05
4.5416e+05
4.5074e+05
4.5389e+05
3.8617e+05
3.7488e+05
3.7789e+05
3.5815e+05
3.599e+05
3.8276e+05
3.6009e+05
3.5774e+05
3.5838e+05
3.5532e+05
3.6334e+05
3.6275e+05
3.8752e+05
3.6326e+05
3.5295e+05
4.0109e+05
3.5864e+05
4.201e+05
4.1666e+05
4.1666e+05
4.2512e+05
5.2805e+05
3.7997e+05
4.5346e+05
4.5343e+05
4.5311e+05
3.8041e+05
3.7979e+05
4.8785e+05
4.8852e+05
3.873e+05
5.5097e+05
3.7982e+05
3.8126e+05
3.8097e+05
3.5787e+05
4.5646e+05
3.5543e+05
3.5497e+05
4.5087e+05
4.5129e+05
4.5129e+05
3.6192e+05
3.5525e+05
3.7488e+05
3.6967e+05
3.5787e+05
3.5803e+05
3.5537e+05
3.5788e+05
3.524e+05
3.5842e+05
4.5379e+05
3.8125e+05
3.8241e+05
3.6296e+05
3.6299e+05
3.5503e+05
3.6223e+05
4.2119e+05
4.201e+05
3.5298e+05
3.5299e+05
4.2118e+05
3.8553e+05
4.5368e+05
4.5345e+05
4.5346e+05
4.1971e+05
4.2286e+05
3.8908e+05
4.5754e+05
5.2228e+05
4.5339e+05
3.6361e+05
4.2686e+05
4.1238e+05
4.2395e+05
3.8319e+05
3.5491e+05
3.8413e+05
3.8908e+05
3.8876e+05
3.6051e+05
3.677e+05
3.8813e+05
4.121e+05
4.127e+05
3.5959e+05
3.8523e+05
3.8207e+05
3.553e+05
3.5558e+05
4.9488e+05
3.8465e+05
3.5872e+05
3.6363e+05
4.1188e+05
4.1211e+05
3.8752e+05
4.0403e+05
3.6985e+05
4.2115e+05
4.2009e+05
3.5275e+05
3.53e+05
4.208e+05
3.8528e+05
4.5368e+05
4.5344e+05
4.5343e+05
4.5305e+05
3.8531e+05
3.7981e+05
4.9487e+05
4.9305e+05
3.8827e+05
4.2135e+05
3.7865e+05
3.746e+05
3.6356e+05
3.5806e+05
4.0777e+05
4.0779e+05
4.0258e+05
4.5139e+05
4.5125e+05
4.518e+05
3.5554e+05
3.5526e+05
3.8094e+05
3.875e+05
4.5642e+05
4.4709e+05
4.5173e+05
4.0284e+05
4.51e+05
3.5525e+05
3.8087e+05
3.8298e+05
4.121e+05
3.8494e+05
3.829e+05
4.5357e+05
3.6277e+05
3.5255e+05
4.1989e+05
4.1651e+05
4.1687e+05
4.2518e+05
5.2801e+05
4.5368e+05
4.5346e+05
4.5345e+05
3.8012e+05
4.8821e+05
3.5554e+05
4.945e+05
3.8045e+05
5.4577e+05
3.5547e+05
3.8039e+05
3.8097e+05
3.6011e+05
4.5869e+05
3.6177e+05
3.5856e+05
4.5643e+05
4.6153e+05
4.6184e+05
4.6038e+05
3.8357e+05
3.8264e+05
3.8095e+05
3.5849e+05
3.5835e+05
4.8612e+05
4.91e+05
3.5837e+05
4.5659e+05
3.6328e+05
3.5835e+05
3.6356e+05
3.5739e+05
4.0632e+05
3.679e+05
3.7138e+05
3.6815e+05
3.5864e+05
4.2243e+05
4.2221e+05
4.2758e+05
4.1994e+05
5.2746e+05
4.5334e+05
4.5344e+05
4.5314e+05
3.7943e+05
3.8045e+05
4.8818e+05
4.9448e+05
3.8046e+05
5.455e+05
5.4416e+05
3.858e+05
3.8097e+05
3.579e+05
4.5619e+05
4.859e+05
3.5488e+05
3.526e+05
4.5342e+05
4.5068e+05
3.5971e+05
3.5525e+05
3.6124e+05
3.8096e+05
3.5819e+05
3.5808e+05
3.793e+05
3.5843e+05
3.6334e+05
4.0519e+05
4.105e+05
3.7844e+05
3.8353e+05
4.118e+05
4.2686e+05
4.2682e+05
4.2349e+05
4.414e+05
3.5276e+05
4.201e+05
3.5303e+05
3.5241e+05
4.1997e+05
4.5346e+05
4.5346e+05
4.5379e+05
3.8273e+05
4.1693e+05
3.8797e+05
4.6199e+05
4.1145e+05
4.0697e+05
4.038e+05
4.7657e+05
4.1238e+05
4.1212e+05
4.1238e+05
4.1099e+05
4.6574e+05
3.8909e+05
3.8392e+05
4.6795e+05
3.5793e+05
3.6455e+05
4.1272e+05
4.1198e+05
4.0881e+05
3.5846e+05
3.8621e+05
5.3028e+05
3.607e+05
3.824e+05
3.8812e+05
3.883e+05
4.3165e+05
4.127e+05
4.118e+05
4.1731e+05
3.6337e+05
3.9902e+05
3.5817e+05
4.1665e+05
4.2011e+05
3.53e+05
4.2178e+05
4.2022e+05
4.5368e+05
4.5345e+05
4.5345e+05
4.5334e+05
4.8784e+05
3.7953e+05
3.8011e+05
4.9487e+05
3.8565e+05
4.2323e+05
3.798e+05
3.858e+05
3.8095e+05
3.5819e+05
3.6512e+05
3.5258e+05
3.5268e+05
4.6011e+05
4.5805e+05
4.5344e+05
3.6172e+05
3.6161e+05
3.7455e+05
4.5319e+05
3.5787e+05
5.2768e+05
3.7945e+05
3.7944e+05
4.4302e+05
3.5667e+05
3.529e+05
3.8162e+05
3.8322e+05
4.1214e+05
3.7967e+05
3.6797e+05
3.651e+05
3.5741e+05
4.2009e+05
4.1749e+05
3.5299e+05
4.2158e+05
3.8558e+05
4.5351e+05
4.5348e+05
4.5085e+05
4.5311e+05
3.8467e+05
3.5525e+05
4.8824e+05
4.8814e+05
3.8854e+05
5.5051e+05
3.5554e+05
3.8616e+05
3.5583e+05
3.5403e+05
3.5482e+05
3.5497e+05
3.5411e+05
4.543e+05
3.5604e+05
4.5112e+05
3.8014e+05
3.6162e+05
3.7488e+05
3.5922e+05
3.6307e+05
3.6326e+05
3.5256e+05
3.5632e+05
3.5603e+05
4.5804e+05
3.6384e+05
3.6375e+05
3.6276e+05
3.8752e+05
3.6767e+05
3.724e+05
3.6685e+05
3.6092e+05
4.201e+05
3.5274e+05
3.5279e+05
3.5746e+05
3.8557e+05
4.5367e+05
4.5344e+05
4.5374e+05
4.5307e+05
3.8531e+05
3.7984e+05
4.8785e+05
4.8814e+05
3.8883e+05
5.5167e+05
3.8009e+05
3.8126e+05
3.8037e+05
3.5812e+05
3.8623e+05
3.5882e+05
3.562e+05
4.5212e+05
4.5251e+05
4.536e+05
3.6192e+05
3.6161e+05
3.7223e+05
5.2148e+05
5.2661e+05
5.3163e+05
5.2642e+05
5.214e+05
5.4416e+05
5.2659e+05
4.737e+05
3.7453e+05
4.8298e+05
4.871e+05
3.7409e+05
5.3185e+05
5.3004e+05
5.2436e+05
3.5899e+05
3.5255e+05
5.2169e+05
4.7086e+05
3.524e+05
3.7962e+05
4.9323e+05
3.5978e+05
3.6829e+05
5.3664e+05
4.9455e+05
5.3394e+05
5.3558e+05
3.6197e+05
4.1605e+05
4.0704e+05
4.041e+05
4.1313e+05
5.2975e+05
4.0073e+05
4.1427e+05
5.2663e+05
5.264e+05
5.264e+05
5.2671e+05
3.5792e+05
4.1173e+05
4.0361e+05
4.0359e+05
4.0393e+05
5.4706e+05
3.8438e+05
3.8292e+05
3.8323e+05
4.6687e+05
4.6485e+05
4.1344e+05
4.0453e+05
4.0181e+05
4.2354e+05
3.8218e+05
3.774e+05
3.6801e+05
3.9799e+05
3.8248e+05
3.7439e+05
3.7323e+05
3.5875e+05
3.9207e+05
3.7754e+05
3.6762e+05
3.7614e+05
3.6263e+05
3.872e+05
3.8138e+05
3.6228e+05
3.6141e+05
3.8535e+05
3.8013e+05
3.6971e+05
3.601e+05
3.5432e+05
3.66e+05
3.7822e+05
4.0418e+05
5.2152e+05
5.2642e+05
3.79e+05
3.6846e+05
3.5778e+05
5.2642e+05
5.2639e+05
5.2668e+05
5.3163e+05
5.2139e+05
5.2717e+05
5.4416e+05
5.2168e+05
4.7327e+05
4.9052e+05
4.875e+05
4.8798e+05
5.2959e+05
4.1948e+05
5.3799e+05
5.364e+05
3.8298e+05
5.2454e+05
5.3151e+05
4.7162e+05
3.6277e+05
3.6608e+05
3.6836e+05
5.2788e+05
3.6652e+05
5.3144e+05
4.9455e+05
3.9658e+05
4.9642e+05
4.75e+05
4.0738e+05
4.0726e+05
3.7204e+05
3.71e+05
3.6794e+05
4.4935e+05
4.8721e+05
5.3363e+05
3.8393e+05
4.6775e+05
3.7905e+05
3.8279e+05
3.7965e+05
3.8217e+05
4.8742e+05
3.8741e+05
3.7973e+05
3.8294e+05
3.8325e+05
4.9085e+05
4.9112e+05
3.8017e+05
4.4877e+05
3.7973e+05
3.8e+05
3.7977e+05
3.8405e+05
4.4924e+05
4.1844e+05
4.1706e+05
4.165e+05
3.7717e+05
3.8009e+05
3.8033e+05
4.5368e+05
4.5086e+05
4.5095e+05
3.8562e+05
4.1943e+05
4.8819e+05
3.8014e+05
3.8682e+05
3.8393e+05
3.798e+05
3.858e+05
3.7526e+05
4.5079e+05
3.5814e+05
4.5633e+05
3.5408e+05
3.8309e+05
3.8317e+05
4.5125e+05
3.7715e+05
3.7975e+05
3.7973e+05
3.7972e+05
3.5516e+05
3.8091e+05
3.8264e+05
3.7977e+05
3.841e+05
3.78e+05
3.829e+05
4.4877e+05
4.4878e+05
3.7974e+05
3.8291e+05
3.7452e+05
4.4839e+05
3.7997e+05
3.5552e+05
4.1911e+05
4.1644e+05
3.7758e+05
3.8067e+05
3.7946e+05
3.7977e+05
3.5496e+05
4.5346e+05
3.8043e+05
3.7977e+05
3.865e+05
3.7977e+05
3.8016e+05
3.8344e+05
3.8039e+05
3.804e+05
3.5254e+05
3.5237e+05
4.4576e+05
3.6029e+05
4.4831e+05
4.5656e+05
3.7998e+05
3.7757e+05
3.5301e+05
3.6432e+05
3.5536e+05
3.7287e+05
3.5879e+05
3.5731e+05
3.643e+05
3.5389e+05
3.6362e+05
3.5835e+05
4.4874e+05
4.6206e+05
4.4877e+05
4.6118e+05
4.9095e+05
3.6428e+05
4.5644e+05
4.5715e+05
3.638e+05
3.5254e+05
3.5977e+05
3.7974e+05
3.8062e+05
3.7982e+05
4.5358e+05
4.5084e+05
4.5266e+05
4.9367e+05
3.8038e+05
3.8043e+05
3.8006e+05
3.8045e+05
3.771e+05
3.8009e+05
3.8125e+05
4.5095e+05
3.5236e+05
4.5642e+05
4.8538e+05
3.7865e+05
3.5743e+05
3.5251e+05
3.5793e+05
3.643e+05
3.8886e+05
3.6024e+05
3.5835e+05
3.5806e+05
3.5265e+05
3.6398e+05
3.6365e+05
3.5833e+05
3.5835e+05
3.6023e+05
4.5322e+05
4.5343e+05
4.8523e+05
4.8517e+05
3.5728e+05
4.5603e+05
4.5715e+05
4.5726e+05
4.1622e+05
4.1643e+05
3.7975e+05
3.7982e+05
3.8004e+05
3.5518e+05
3.6334e+05
4.0432e+05
4.0746e+05
4.0879e+05
4.0423e+05
4.0717e+05
4.0777e+05
4.0731e+05
4.1169e+05
4.0792e+05
4.3259e+05
4.2346e+05
4.4661e+05
4.0896e+05
4.2409e+05
4.1352e+05
4.2365e+05
4.0965e+05
3.7975e+05
3.7975e+05
3.8412e+05
4.8786e+05
4.9078e+05
3.7955e+05
3.7975e+05
3.7948e+05
4.9144e+05
4.9104e+05
3.8245e+05
4.5689e+05
3.8733e+05
3.8264e+05
3.7976e+05
3.841e+05
4.5713e+05
4.5684e+05
4.1902e+05
4.1644e+05
4.1688e+05
4.9423e+05
4.2002e+05
4.1946e+05
3.53e+05
3.5301e+05
3.7523e+05
3.7982e+05
3.801e+05
3.7979e+05
3.8497e+05
3.8332e+05
5.4416e+05
3.8617e+05
3.5292e+05
3.5255e+05
4.569e+05
5.4605e+05
3.5988e+05
3.8255e+05
4.5664e+05
4.5079e+05
3.8004e+05
3.7975e+05
3.8011e+05
3.7975e+05
3.8295e+05
3.5807e+05
3.7715e+05
3.7975e+05
3.8009e+05
3.8292e+05
3.8292e+05
3.7479e+05
4.5744e+05
3.8779e+05
3.8293e+05
3.829e+05
4.1148e+05
4.4838e+05
4.2769e+05
4.2011e+05
5.516e+05
4.1688e+05
3.8002e+05
3.8038e+05
3.8028e+05
4.5344e+05
4.5084e+05
3.7926e+05
4.5346e+05
3.8011e+05
3.796e+05
4.6835e+05
4.77e+05
4.7383e+05
3.8039e+05
3.5728e+05
3.6364e+05
4.5073e+05
3.7146e+05
3.5537e+05
4.5073e+05
4.5367e+05
3.5247e+05
3.5793e+05
3.5303e+05
3.643e+05
3.7778e+05
3.5813e+05
3.6343e+05
3.6387e+05
3.643e+05
3.6919e+05
3.5807e+05
3.5834e+05
4.616e+05
4.5715e+05
4.5341e+05
3.8288e+05
3.583e+05
4.6189e+05
4.5677e+05
4.4617e+05
5.4445e+05
3.5978e+05
4.2134e+05
3.7977e+05
3.8074e+05
3.8467e+05
4.6179e+05
4.6152e+05
4.8695e+05
4.9306e+05
3.804e+05
3.8005e+05
3.8004e+05
3.8311e+05
3.8045e+05
3.7982e+05
3.7234e+05
3.5237e+05
4.5638e+05
4.5328e+05
3.8198e+05
3.8296e+05
3.6324e+05
4.5127e+05
3.5728e+05
3.5303e+05
3.5305e+05
3.6587e+05
3.5806e+05
3.5828e+05
3.6363e+05
3.6386e+05
3.6362e+05
3.5835e+05
3.5519e+05
4.5351e+05
4.5338e+05
4.0428e+05
4.9097e+05
4.9095e+05
3.8022e+05
4.5681e+05
4.5716e+05
4.1931e+05
4.1645e+05
4.1683e+05
3.8012e+05
3.7982e+05
4.5374e+05
3.5563e+05
3.64e+05
4.0656e+05
4.0751e+05
4.0845e+05
4.0287e+05
4.0736e+05
4.0734e+05
4.1711e+05
4.0748e+05
4.2162e+05
4.2653e+05
4.222e+05
4.17e+05
4.2191e+05
4.563e+05
4.17e+05
4.865e+05
3.8842e+05
3.885e+05
3.8289e+05
4.9098e+05
4.908e+05
4.966e+05
3.8245e+05
3.8247e+05
5.0704e+05
5.07e+05
5.027e+05
4.8736e+05
4.8736e+05
5.0239e+05
4.8795e+05
3.7985e+05
5.1152e+05
4.19e+05
4.1885e+05
4.1828e+05
5.0036e+05
3.7958e+05
3.8322e+05
3.8321e+05
4.5351e+05
3.7696e+05
4.5063e+05
3.8468e+05
3.6836e+05
3.579e+05
3.8043e+05
3.8034e+05
3.8393e+05
3.8096e+05
3.8062e+05
3.7511e+05
4.5112e+05
3.5929e+05
3.8235e+05
3.825e+05
3.7785e+05
4.5083e+05
4.5081e+05
3.7975e+05
3.8011e+05
3.796e+05
3.7977e+05
3.5811e+05
3.8351e+05
3.7946e+05
3.7977e+05
3.7399e+05
3.78e+05
3.8278e+05
4.4877e+05
4.4876e+05
3.8752e+05
4.8783e+05
3.7455e+05
4.4828e+05
3.7999e+05
3.5544e+05
4.197e+05
4.1642e+05
3.7957e+05
3.8048e+05
3.7953e+05
3.7976e+05
4.5375e+05
4.5355e+05
3.7986e+05
3.7948e+05
3.8679e+05
3.7978e+05
3.8363e+05
3.8004e+05
3.7972e+05
3.7972e+05
3.5485e+05
3.5552e+05
4.4838e+05
4.5348e+05
4.5407e+05
4.5656e+05
3.5519e+05
3.8012e+05
3.558e+05
3.5524e+05
3.5957e+05
4.578e+05
3.5991e+05
3.6341e+05
3.5808e+05
3.5838e+05
3.5833e+05
3.5805e+05
3.5806e+05
3.5841e+05
4.5201e+05
3.5866e+05
3.5837e+05
3.5373e+05
4.5687e+05
4.4674e+05
3.6375e+05
3.53e+05
3.5977e+05
3.7979e+05
3.8067e+05
3.7979e+05
4.5351e+05
4.5085e+05
4.5307e+05
4.1962e+05
4.1933e+05
4.1938e+05
3.8004e+05
3.8293e+05
3.8465e+05
3.8013e+05
3.8123e+05
4.508e+05
4.5097e+05
3.5268e+05
3.8286e+05
3.5366e+05
3.5745e+05
3.5255e+05
3.5731e+05
3.6432e+05
3.5534e+05
3.7989e+05
3.8292e+05
3.829e+05
3.593e+05
3.637e+05
3.5259e+05
3.5818e+05
5.4994e+05
3.5532e+05
4.5338e+05
4.5343e+05
4.8521e+05
4.8517e+05
3.6075e+05
4.6177e+05
4.5672e+05
4.5709e+05
4.1643e+05
4.1644e+05
3.7974e+05
3.8002e+05
3.7982e+05
3.554e+05
3.6451e+05
4.0892e+05
4.0832e+05
4.0925e+05
4.0744e+05
4.075e+05
4.1278e+05
4.0786e+05
4.0748e+05
4.2683e+05
4.2898e+05
4.241e+05
3.5942e+05
3.8762e+05
4.2238e+05
4.2206e+05
4.1773e+05
3.5561e+05
3.7955e+05
5.0111e+05
4.9217e+05
4.9139e+05
4.9656e+05
3.7956e+05
3.7956e+05
3.7927e+05
4.9084e+05
3.8276e+05
3.7698e+05
3.8796e+05
3.7929e+05
5.0527e+05
5.0238e+05
4.2975e+05
4.239e+05
4.132e+05
4.1334e+05
3.7868e+05
3.789e+05
3.8324e+05
4.222e+05
4.5999e+05
3.5272e+05
3.524e+05
3.7788e+05
3.7419e+05
3.6486e+05
3.7977e+05
3.8497e+05
3.8383e+05
4.1645e+05
3.8058e+05
3.592e+05
3.5286e+05
4.5663e+05
4.5409e+05
3.5471e+05
3.8264e+05
4.5602e+05
4.5129e+05
3.8004e+05
3.7975e+05
3.8011e+05
3.7961e+05
4.8772e+05
3.5841e+05
3.7859e+05
3.7961e+05
3.7965e+05
3.7962e+05
3.7926e+05
3.7276e+05
4.4877e+05
3.8779e+05
3.8293e+05
3.8291e+05
3.6013e+05
3.7973e+05
4.2777e+05
4.2486e+05
5.446e+05
4.1623e+05
3.8013e+05
3.8009e+05
3.8e+05
4.5111e+05
4.5346e+05
3.8325e+05
3.7973e+05
3.8058e+05
3.7977e+05
3.8565e+05
3.8351e+05
3.8526e+05
3.8439e+05
3.5983e+05
3.5548e+05
4.1904e+05
3.7165e+05
4.4941e+05
4.5698e+05
3.5265e+05
4.5668e+05
5.2986e+05
3.5524e+05
3.5556e+05
5.3274e+05
3.582e+05
3.5342e+05
3.5345e+05
3.5311e+05
3.5833e+05
3.5342e+05
3.5342e+05
4.5148e+05
4.4657e+05
4.5149e+05
3.5818e+05
3.5828e+05
4.6245e+05
4.4677e+05
4.2766e+05
4.1731e+05
3.5344e+05
3.5835e+05
3.7783e+05
3.7778e+05
3.7956e+05
4.6155e+05
4.5343e+05
4.9192e+05
3.8038e+05
3.8011e+05
3.7977e+05
3.8045e+05
3.8317e+05
3.8038e+05
3.8618e+05
3.7219e+05
3.5237e+05
4.5643e+05
4.5068e+05
3.9335e+05
4.5081e+05
3.5254e+05
4.5063e+05
3.5238e+05
3.5296e+05
3.5247e+05
4.9133e+05
3.5818e+05
3.6334e+05
3.6372e+05
3.6372e+05
3.5764e+05
3.5823e+05
3.548e+05
4.5329e+05
4.0911e+05
3.5978e+05
4.9097e+05
3.5829e+05
4.6172e+05
4.5681e+05
4.5715e+05
4.1882e+05
4.1645e+05
4.1897e+05
3.804e+05
3.8031e+05
4.5373e+05
3.526e+05
3.524e+05
4.0739e+05
4.0896e+05
4.0904e+05
4.032e+05
4.0748e+05
4.0748e+05
4.078e+05
4.0721e+05
4.2162e+05
4.2715e+05
4.2222e+05
4.1734e+05
4.0748e+05
4.0748e+05
4.1743e+05
4.868e+05
3.7977e+05
3.7963e+05
3.8272e+05
4.8826e+05
4.96e+05
5.0007e+05
3.8247e+05
3.7929e+05
3.8278e+05
3.8275e+05
5.0702e+05
5.072e+05
5.0703e+05
3.8739e+05
3.7956e+05
3.7958e+05
4.2334e+05
4.2409e+05
3.7899e+05
4.1859e+05
5.0202e+05
3.786e+05
3.8293e+05
3.8293e+05
3.5528e+05
3.5498e+05
3.7979e+05
4.8753e+05
3.7944e+05
4.8748e+05
3.7977e+05
3.8682e+05
5.5138e+05
3.8291e+05
3.8434e+05
3.7513e+05
4.5101e+05
4.5645e+05
3.5517e+05
3.7946e+05
4.5153e+05
4.536e+05
4.5344e+05
3.7802e+05
3.8011e+05
3.796e+05
4.5343e+05
3.5822e+05
3.8235e+05
3.7975e+05
3.8e+05
3.7411e+05
3.551e+05
4.5368e+05
3.5503e+05
5.4475e+05
3.7772e+05
3.8291e+05
3.8211e+05
3.8012e+05
3.5505e+05
4.1931e+05
3.7693e+05
3.5299e+05
3.7924e+05
3.8048e+05
3.8006e+05
4.5329e+05
4.5087e+05
4.5105e+05
4.8813e+05
3.8033e+05
3.8014e+05
3.8046e+05
3.8366e+05
3.804e+05
3.7944e+05
3.7419e+05
4.5343e+05
3.5555e+05
4.4807e+05
4.5345e+05
4.5351e+05
4.6004e+05
4.5353e+05
3.533e+05
3.5621e+05
3.5612e+05
3.5548e+05
4.8847e+05
4.9011e+05
3.584e+05
3.5838e+05
3.5879e+05
3.5837e+05
3.5835e+05
3.5837e+05
3.5836e+05
3.5836e+05
3.5835e+05
4.91e+05
3.5344e+05
4.4709e+05
4.4702e+05
3.6381e+05
4.2367e+05
4.2366e+05
3.8009e+05
3.8007e+05
3.8028e+05
4.5687e+05
4.5703e+05
4.5853e+05
4.8611e+05
4.197e+05
4.2609e+05
4.8323e+05
5.456e+05
5.4733e+05
3.8041e+05
3.7943e+05
3.5282e+05
4.5632e+05
3.6105e+05
4.5173e+05
3.5277e+05
4.5341e+05
4.5064e+05
3.7504e+05
3.6428e+05
3.617e+05
3.8105e+05
3.8292e+05
3.8283e+05
3.6379e+05
3.643e+05
3.5259e+05
3.7821e+05
3.5247e+05
3.5529e+05
4.5341e+05
3.7461e+05
3.5832e+05
4.9095e+05
3.6797e+05
4.5697e+05
4.5717e+05
4.2779e+05
5.514e+05
4.1622e+05
3.8045e+05
3.798e+05
3.7745e+05
3.5579e+05
4.6229e+05
4.0662e+05
4.0749e+05
4.0925e+05
4.0459e+05
4.0433e+05
4.0643e+05
4.1273e+05
4.0438e+05
4.192e+05
4.239e+05
4.241e+05
5.2241e+05
3.8613e+05
4.2023e+05
4.2363e+05
4.2365e+05
3.8006e+05
3.8091e+05
3.806e+05
3.8495e+05
4.91e+05
4.8748e+05
3.8439e+05
3.7977e+05
3.7979e+05
4.9083e+05
4.9078e+05
3.7956e+05
4.4856e+05
3.7976e+05
3.797e+05
3.7977e+05
3.8111e+05
4.5467e+05
4.4573e+05
3.7954e+05
3.773e+05
3.8227e+05
3.8031e+05
3.8045e+05
4.5374e+05
4.5346e+05
3.8478e+05
3.8388e+05
4.885e+05
4.879e+05
4.8851e+05
3.8046e+05
3.8331e+05
3.7711e+05
3.8617e+05
3.8058e+05
4.5639e+05
4.5611e+05
4.524e+05
3.5512e+05
3.8057e+05
4.549e+05
4.5459e+05
3.8062e+05
3.8119e+05
3.8026e+05
3.7911e+05
4.5141e+05
3.5806e+05
3.8582e+05
3.7977e+05
3.789e+05
3.78e+05
3.7941e+05
4.512e+05
3.8811e+05
3.8259e+05
4.91e+05
3.7802e+05
3.7766e+05
3.8009e+05
4.1941e+05
4.1901e+05
3.5646e+05
3.7946e+05
3.8069e+05
3.8004e+05
3.7975e+05
4.5087e+05
4.5372e+05
4.885e+05
3.7975e+05
3.8014e+05
3.8042e+05
3.8073e+05
3.8337e+05
3.8014e+05
3.8038e+05
4.6207e+05
3.5254e+05
4.215e+05
4.8628e+05
4.5697e+05
4.5623e+05
4.5281e+05
4.5344e+05
3.5258e+05
3.5519e+05
3.558e+05
3.607e+05
4.5662e+05
3.5988e+05
3.6098e+05
3.6324e+05
3.6471e+05
3.5918e+05
4.568e+05
4.6167e+05
4.5669e+05
4.6075e+05
4.9559e+05
3.5295e+05
3.9693e+05
4.5688e+05
3.638e+05
4.2367e+05
4.2365e+05
3.8016e+05
3.806e+05
3.8003e+05
4.5428e+05
4.619e+05
4.6201e+05
4.9307e+05
3.8038e+05
3.8011e+05
4.9448e+05
3.9174e+05
5.5186e+05
3.8e+05
3.7975e+05
3.7336e+05
3.5811e+05
3.6276e+05
4.487e+05
3.5753e+05
3.5762e+05
4.517e+05
3.5731e+05
3.5731e+05
3.6316e+05
3.6778e+05
3.7455e+05
3.7489e+05
3.798e+05
3.7491e+05
3.7491e+05
3.7458e+05
3.6872e+05
3.582e+05
3.5555e+05
3.6984e+05
3.8261e+05
3.7478e+05
3.7202e+05
4.6713e+05
4.567e+05
4.2775e+05
4.1905e+05
5.4444e+05
3.7979e+05
3.7965e+05
3.8453e+05
4.5851e+05
3.5933e+05
4.235e+05
4.0943e+05
4.0501e+05
3.7984e+05
4.0316e+05
4.0474e+05
4.0644e+05
4.13e+05
4.2238e+05
4.2364e+05
4.241e+05
4.0731e+05
4.0916e+05
4.2344e+05
4.1917e+05
4.2438e+05
4.1686e+05
3.7977e+05
3.7975e+05
3.8497e+05
4.9104e+05
4.91e+05
4.3133e+05
5.1223e+05
5.0731e+05
5.1224e+05
5.1253e+05
5.1745e+05
5.1282e+05
4.9288e+05
4.0403e+05
5.0762e+05
3.8456e+05
4.1774e+05
4.1747e+05
4.1888e+05
4.1919e+05
4.1642e+05
4.2351e+05
4.1946e+05
4.1889e+05
4.5327e+05
4.5298e+05
4.1864e+05
5.1283e+05
4.877e+05
3.796e+05
5.1282e+05
3.8767e+05
5.5171e+05
5.1767e+05
3.7526e+05
3.6054e+05
3.5821e+05
4.4663e+05
3.5936e+05
4.9036e+05
4.5124e+05
4.5078e+05
4.5154e+05
4.2092e+05
3.7759e+05
3.7267e+05
4.1948e+05
3.524e+05
4.0408e+05
3.5546e+05
3.791e+05
4.5369e+05
3.5501e+05
4.5342e+05
4.2277e+05
3.6381e+05
4.145e+05
3.7986e+05
3.992e+05
4.0908e+05
4.2769e+05
4.3298e+05
4.1903e+05
4.1669e+05
4.3257e+05
4.1989e+05
4.196e+05
4.6255e+05
4.6229e+05
4.2722e+05
4.095e+05
4.5372e+05
4.1135e+05
3.8026e+05
4.0797e+05
4.5111e+05
3.5577e+05
3.7518e+05
3.5947e+05
3.5479e+05
4.5511e+05
4.5835e+05
4.563e+05
4.6005e+05
4.5631e+05
4.5327e+05
4.4877e+05
3.8581e+05
3.7462e+05
4.537e+05
3.6283e+05
4.9158e+05
4.8029e+05
4.9158e+05
3.6386e+05
4.6212e+05
3.5544e+05
3.6852e+05
3.8754e+05
4.8808e+05
3.7996e+05
4.0571e+05
4.3581e+05
4.2647e+05
4.2482e+05
4.1972e+05
4.5442e+05
4.4831e+05
4.603e+05
4.537e+05
4.4851e+05
4.5295e+05
4.244e+05
4.1645e+05
4.1913e+05
4.8813e+05
4.8814e+05
5.4516e+05
5.4421e+05
3.8582e+05
3.7222e+05
3.5255e+05
3.58e+05
3.5992e+05
4.1644e+05
4.1642e+05
4.5125e+05
4.5457e+05
3.6061e+05
4.5397e+05
4.537e+05
3.7462e+05
4.5378e+05
3.5812e+05
4.9115e+05
4.8162e+05
4.8781e+05
3.5372e+05
3.8262e+05
3.8529e+05
3.8811e+05
4.9561e+05
4.8785e+05
4.8777e+05
4.116e+05
4.2156e+05
4.2635e+05
4.468e+05
4.6208e+05
4.5322e+05
4.5322e+05
4.5438e+05
4.5354e+05
4.6248e+05
3.8128e+05
4.1921e+05
4.1906e+05
4.2355e+05
3.8638e+05
4.1581e+05
3.8198e+05
4.9595e+05
4.9564e+05
4.878e+05
3.7971e+05
3.7985e+05
3.8216e+05
3.7953e+05
3.797e+05
3.8463e+05
3.5298e+05
3.8476e+05
3.6345e+05
4.3204e+05
4.8799e+05
3.848e+05
5.1811e+05
5.1221e+05
5.0749e+05
5.1256e+05
5.1267e+05
5.1253e+05
5.1282e+05
5.16e+05
4.9259e+05
4.166e+05
5.1253e+05
5.1328e+05
5.1077e+05
4.1679e+05
5.5184e+05
4.2393e+05
4.2392e+05
4.1977e+05
4.2351e+05
4.5858e+05
4.5819e+05
4.5789e+05
4.8756e+05
3.8624e+05
3.7988e+05
4.9487e+05
3.8653e+05
5.1109e+05
5.1758e+05
5.1254e+05
3.7478e+05
3.5821e+05
3.5827e+05
4.4719e+05
4.5685e+05
3.583e+05
4.5373e+05
4.511e+05
4.5132e+05
3.5531e+05
3.8624e+05
3.7266e+05
4.5148e+05
4.8503e+05
4.6198e+05
4.5371e+05
4.0458e+05
4.537e+05
4.537e+05
3.6033e+05
3.8864e+05
3.8779e+05
3.8868e+05
4.6149e+05
4.0784e+05
4.5069e+05
4.1913e+05
4.19e+05
4.242e+05
4.247e+05
4.5457e+05
4.1687e+05
4.5389e+05
4.5352e+05
4.6239e+05
4.0457e+05
4.0946e+05
4.0457e+05
4.8838e+05
3.8796e+05
5.5049e+05
3.5544e+05
3.8866e+05
3.7479e+05
3.5831e+05
4.5124e+05
3.8204e+05
4.1626e+05
4.5656e+05
4.6007e+05
4.5615e+05
3.6056e+05
3.5542e+05
3.7462e+05
4.537e+05
3.5829e+05
4.1921e+05
4.8807e+05
3.7959e+05
3.806e+05
5.2832e+05
3.5655e+05
3.5525e+05
4.9622e+05
3.7975e+05
3.7972e+05
3.9766e+05
4.1497e+05
4.2205e+05
4.324e+05
4.4573e+05
4.5064e+05
4.5368e+05
3.7955e+05
4.5399e+05
4.6237e+05
4.5086e+05
4.4359e+05
4.2436e+05
4.1906e+05
4.8786e+05
4.8854e+05
3.5559e+05
5.5155e+05
3.7971e+05
3.7509e+05
3.7308e+05
3.5777e+05
3.5755e+05
4.8524e+05
5.4418e+05
4.5127e+05
4.5127e+05
4.5337e+05
4.4387e+05
3.8002e+05
3.7462e+05
3.7462e+05
3.5821e+05
4.6201e+05
4.8507e+05
4.8033e+05
3.5519e+05
3.5548e+05
3.6363e+05
3.8322e+05
3.8753e+05
3.7975e+05
3.7971e+05
3.8465e+05
4.2227e+05
4.2698e+05
4.4409e+05
4.6236e+05
4.6189e+05
4.6191e+05
4.5322e+05
4.5322e+05
3.8001e+05
3.7994e+05
4.2113e+05
4.2375e+05
4.1885e+05
4.8853e+05
3.8642e+05
3.8534e+05
3.8536e+05
3.7963e+05
4.8821e+05
4.8291e+05
3.7751e+05
3.7974e+05
3.7985e+05
3.8418e+05
3.7819e+05
3.5419e+05
4.8684e+05
4.5707e+05
3.8301e+05
4.9565e+05
4.8598e+05
4.5074e+05
3.7698e+05
4.9299e+05
3.8019e+05
4.8569e+05
3.8014e+05
3.8481e+05
3.7261e+05
3.7978e+05
3.8043e+05
3.7998e+05
4.0798e+05
4.1717e+05
4.0811e+05
4.2198e+05
4.1642e+05
4.164e+05
4.2134e+05
4.1685e+05
4.2391e+05
4.1903e+05
4.2983e+05
4.1682e+05
3.9724e+05
4.988e+05
4.8563e+05
4.8933e+05
4.969e+05
3.7717e+05
3.833e+05
4.8901e+05
4.8503e+05
3.5564e+05
3.7495e+05
4.1639e+05
5.5183e+05
3.5301e+05
3.7723e+05
4.2182e+05
3.5301e+05
3.5301e+05
3.5301e+05
5.423e+05
3.561e+05
4.0648e+05
4.0153e+05
4.8855e+05
4.1637e+05
4.0204e+05
4.0907e+05
4.214e+05
3.8654e+05
3.8001e+05
3.5793e+05
4.0796e+05
4.1588e+05
4.2276e+05
4.2169e+05
4.1649e+05
4.1684e+05
4.293e+05
4.1686e+05
4.1688e+05
4.1196e+05
4.3213e+05
4.2177e+05
4.0202e+05
4.0777e+05
4.0198e+05
3.9666e+05
4.0251e+05
4.172e+05
3.9216e+05
4.0156e+05
4.228e+05
4.0441e+05
3.9891e+05
4.0641e+05
4.0748e+05
3.5438e+05
4.1883e+05
4.0929e+05
3.6367e+05
4.5351e+05
4.5351e+05
3.6016e+05
4.2146e+05
4.2179e+05
3.8509e+05
4.1413e+05
5.3033e+05
4.1399e+05
4.8301e+05
3.9335e+05
3.7753e+05
3.8134e+05
4.9131e+05
3.9662e+05
4.266e+05
4.2725e+05
4.3186e+05
4.5322e+05
4.5324e+05
4.4833e+05
4.5353e+05
4.6189e+05
4.5394e+05
4.2346e+05
4.1744e+05
4.2323e+05
4.1688e+05
4.1853e+05
4.0688e+05
4.0488e+05
3.815e+05
4.5249e+05
3.8089e+05
4.4362e+05
4.3144e+05
4.2137e+05
4.3747e+05
3.6008e+05
4.0469e+05
4.5873e+05
3.5525e+05
4.8501e+05
3.6363e+05
4.5351e+05
3.6741e+05
4.2688e+05
4.3218e+05
4.2407e+05
4.1272e+05
4.1298e+05
3.8011e+05
3.8504e+05
3.8012e+05
3.798e+05
3.8818e+05
3.8425e+05
4.0949e+05
4.2139e+05
4.2635e+05
4.5688e+05
4.6239e+05
4.5382e+05
4.5353e+05
4.5324e+05
4.5265e+05
4.5382e+05
4.6237e+05
4.1889e+05
4.1713e+05
4.171e+05
4.069e+05
4.0195e+05
4.528e+05
3.911e+05
3.8e+05
4.6106e+05
4.6074e+05
3.7987e+05
3.7912e+05
3.8733e+05
4.1873e+05
4.6093e+05
4.5499e+05
4.3927e+05
4.339e+05
3.8318e+05
3.7897e+05
4.3602e+05
3.6479e+05
4.3267e+05
3.7768e+05
4.4921e+05
4.172e+05
3.8504e+05
4.3879e+05
3.7982e+05
4.5346e+05
3.7477e+05
4.2924e+05
4.3363e+05
3.6788e+05
4.236e+05
4.5724e+05
4.6328e+05
4.3796e+05
4.2723e+05
4.4686e+05
4.5344e+05
4.2652e+05
4.2248e+05
4.5357e+05
4.2375e+05
4.1903e+05
4.1643e+05
4.5122e+05
4.3791e+05
4.3357e+05
4.6032e+05
4.476e+05
4.2715e+05
4.3213e+05
4.8524e+05
4.7085e+05
4.3199e+05
4.6244e+05
4.4714e+05
4.5238e+05
4.5064e+05
4.3408e+05
4.3255e+05
4.3732e+05
