3.5234e+05
3.5234e+05
5.5569e+05
5.2123e+05
4.2758e+05
3.6372e+05
3.9699e+05
3.7892e+05
4.8768e+05
4.8913e+05
3.7843e+05
4.8653e+05
4.9403e+05
4.9403e+05
4.0903e+05
4.0955e+05
4.8815e+05
4.9133e+05
4.1444e+05
4.0952e+05
3.8007e+05
4.8652e+05
3.7842e+05
3.8102e+05
4.8966e+05
4.8708e+05
3.7843e+05
4.3248e+05
4.867e+05
4.8652e+05
4.8648e+05
4.0966e+05
4.9199e+05
4.8651e+05
4.8959e+05
3.9429e+05
4.8813e+05
4.0954e+05
4.9307e+05
4.8637e+05
4.8651e+05
4.8669e+05
3.7978e+05
4.8813e+05
4.8765e+05
4.8765e+05
3.7957e+05
3.7976e+05
3.8821e+05
3.8817e+05
3.8585e+05
4.9255e+05
4.154e+05
4.0911e+05
4.0926e+05
4.8622e+05
3.8005e+05
3.8005e+05
4.9274e+05
4.8783e+05
4.8784e+05
4.8642e+05
4.0923e+05
4.0905e+05
4.8784e+05
4.8786e+05
4.8771e+05
4.9088e+05
3.7961e+05
4.0908e+05
4.0806e+05
4.091e+05
3.87e+05
4.091e+05
4.0808e+05
4.1766e+05
4.0908e+05
4.1488e+05
4.0909e+05
4.1227e+05
4.0908e+05
4.9662e+05
4.1769e+05
3.8004e+05
3.8005e+05
4.8815e+05
3.7956e+05
3.7859e+05
3.8005e+05
3.8147e+05
3.8005e+05
3.789e+05
3.7926e+05
4.894e+05
4.865e+05
4.8767e+05
4.8766e+05
5.0287e+05
3.7955e+05
3.7992e+05
3.7976e+05
3.7957e+05
4.8422e+05
3.8128e+05
3.7959e+05
3.7959e+05
3.7951e+05
3.7699e+05
3.7955e+05
3.7958e+05
3.7832e+05
3.8585e+05
3.8036e+05
4.8764e+05
4.9084e+05
3.943e+05
3.9807e+05
3.7857e+05
3.8277e+05
3.8274e+05
3.7956e+05
3.7844e+05
3.7959e+05
3.7982e+05
3.7841e+05
3.81e+05
3.8149e+05
4.8783e+05
3.8324e+05
3.786e+05
3.849e+05
3.9723e+05
3.8102e+05
3.8102e+05
3.784e+05
4.8697e+05
4.8648e+05
3.7957e+05
3.8005e+05
4.8813e+05
4.9256e+05
3.8006e+05
3.7841e+05
4.8707e+05
4.8556e+05
4.8787e+05
4.8536e+05
4.8811e+05
3.7974e+05
3.7959e+05
3.7979e+05
4.9277e+05
4.0907e+05
4.0904e+05
4.0922e+05
4.0923e+05
4.0923e+05
4.8784e+05
4.0409e+05
4.091e+05
4.091e+05
3.8013e+05
3.7964e+05
4.1279e+05
3.7755e+05
3.8329e+05
4.9141e+05
4.8822e+05
4.8823e+05
4.8764e+05
4.8767e+05
3.8276e+05
4.9276e+05
4.0952e+05
4.0952e+05
4.8789e+05
3.7934e+05
4.0908e+05
4.091e+05
4.0908e+05
4.0881e+05
4.8771e+05
4.9088e+05
4.1243e+05
4.1228e+05
4.8644e+05
5.0283e+05
4.091e+05
4.091e+05
5.0243e+05
4.8771e+05
4.8768e+05
5.0257e+05
4.0922e+05
3.7974e+05
4.8785e+05
3.815e+05
3.7956e+05
3.8004e+05
3.7976e+05
4.1079e+05
4.8764e+05
5.0211e+05
4.8671e+05
4.8939e+05
4.8785e+05
4.8783e+05
3.7977e+05
3.7985e+05
4.8767e+05
5.0056e+05
5.0256e+05
3.7976e+05
4.8766e+05
3.7958e+05
3.7957e+05
3.7977e+05
3.8014e+05
4.0923e+05
4.8939e+05
4.1077e+05
4.0904e+05
4.8766e+05
4.8937e+05
4.0701e+05
3.9625e+05
3.8001e+05
3.8102e+05
3.7842e+05
3.81e+05
3.7892e+05
3.7843e+05
3.7841e+05
3.948e+05
3.7839e+05
4.8912e+05
4.8912e+05
3.9083e+05
3.8824e+05
4.8815e+05
4.9405e+05
4.8766e+05
3.9431e+05
3.796e+05
3.7958e+05
3.8014e+05
3.7956e+05
3.7958e+05
3.7955e+05
3.7955e+05
3.7976e+05
4.9256e+05
4.8872e+05
4.8786e+05
4.8804e+05
4.8767e+05
4.8766e+05
4.8765e+05
4.8787e+05
4.8766e+05
3.8016e+05
4.8765e+05
3.7974e+05
3.7957e+05
4.9104e+05
4.9141e+05
3.8295e+05
3.8276e+05
4.8679e+05
3.7844e+05
4.8768e+05
4.8785e+05
4.0905e+05
4.0963e+05
4.0954e+05
4.9864e+05
4.8765e+05
4.8766e+05
4.8843e+05
4.8767e+05
4.8785e+05
4.8813e+05
4.8786e+05
3.8013e+05
3.7958e+05
3.7975e+05
3.7954e+05
3.7976e+05
4.8787e+05
4.8769e+05
4.8813e+05
4.8813e+05
4.9447e+05
4.8784e+05
4.8784e+05
4.091e+05
4.1514e+05
4.0949e+05
5.0849e+05
4.0949e+05
4.1111e+05
4.0924e+05
4.0949e+05
4.1529e+05
4.8815e+05
4.8815e+05
3.8151e+05
3.8104e+05
3.81e+05
3.8149e+05
4.8768e+05
4.8786e+05
4.8849e+05
3.813e+05
3.7956e+05
3.7976e+05
3.7976e+05
4.8786e+05
4.8785e+05
3.8004e+05
4.8766e+05
3.7976e+05
3.7974e+05
4.8766e+05
4.8652e+05
4.8909e+05
3.7957e+05
3.8275e+05
3.796e+05
3.7958e+05
4.8765e+05
4.8814e+05
4.0905e+05
4.0958e+05
4.0469e+05
4.9142e+05
4.0947e+05
3.9792e+05
4.8686e+05
3.8158e+05
3.962e+05
3.8824e+05
3.9576e+05
3.8882e+05
3.7955e+05
3.7889e+05
3.7977e+05
3.7892e+05
3.786e+05
3.7843e+05
3.861e+05
3.784e+05
3.7862e+05
3.7956e+05
3.8016e+05
3.7974e+05
3.8013e+05
3.8013e+05
3.7955e+05
4.8764e+05
4.8766e+05
4.8784e+05
4.8926e+05
4.865e+05
4.8763e+05
3.945e+05
3.9431e+05
3.7956e+05
4.0434e+05
4.0954e+05
4.0954e+05
4.0955e+05
4.1743e+05
4.1542e+05
4.1539e+05
4.1559e+05
4.1242e+05
4.1241e+05
5.0042e+05
4.9119e+05
3.782e+05
3.782e+05
3.7831e+05
3.7964e+05
3.7976e+05
4.8761e+05
3.7975e+05
3.7994e+05
3.7994e+05
3.7975e+05
4.8815e+05
3.8004e+05
3.7959e+05
4.8764e+05
4.8813e+05
4.9305e+05
4.8769e+05
4.8784e+05
4.8813e+05
4.0808e+05
4.0879e+05
4.0908e+05
4.0952e+05
4.0954e+05
4.127e+05
4.0952e+05
4.176e+05
4.0879e+05
4.0952e+05
3.8004e+05
4.091e+05
4.0903e+05
4.095e+05
4.864e+05
4.0923e+05
3.7976e+05
4.8815e+05
4.8798e+05
4.8815e+05
4.8912e+05
4.8766e+05
4.8956e+05
4.8813e+05
4.8939e+05
4.8767e+05
4.8767e+05
4.8907e+05
4.8769e+05
4.8824e+05
3.7956e+05
4.8765e+05
4.8785e+05
3.7956e+05
4.9142e+05
3.8127e+05
3.7952e+05
4.8657e+05
4.8294e+05
4.8669e+05
4.8816e+05
4.911e+05
3.7958e+05
3.7959e+05
3.7955e+05
4.0906e+05
3.7959e+05
4.8767e+05
4.8804e+05
3.8005e+05
3.8014e+05
3.7994e+05
3.7995e+05
3.7901e+05
3.8021e+05
3.9841e+05
3.5946e+05
5.4093e+05
5.3716e+05
3.5603e+05
5.5201e+05
3.8344e+05
4.0915e+05
4.1801e+05
4.1278e+05
4.1299e+05
4.1289e+05
4.1226e+05
4.0725e+05
4.0754e+05
4.1656e+05
4.111e+05
4.0292e+05
4.018e+05
3.8372e+05
4.8531e+05
4.1775e+05
5.3237e+05
4.0933e+05
4.2092e+05
5.0577e+05
4.0668e+05
4.0952e+05
4.2096e+05
4.1082e+05
4.1563e+05
4.0702e+05
3.9072e+05
3.9643e+05
5.3852e+05
4.0933e+05
4.1297e+05
4.1225e+05
4.1625e+05
4.1623e+05
4.127e+05
3.555e+05
3.5498e+05
4.0932e+05
4.8842e+05
3.8575e+05
4.8843e+05
4.9429e+05
3.5845e+05
4.0397e+05
4.1103e+05
4.0409e+05
5.0623e+05
4.9157e+05
4.0921e+05
5.1804e+05
4.0399e+05
4.6274e+05
4.0432e+05
5.1537e+05
3.85e+05
4.0524e+05
5.3737e+05
4.0378e+05
4.0399e+05
4.043e+05
4.1046e+05
4.9247e+05
4.8814e+05
3.6835e+05
3.7732e+05
4.9375e+05
4.9644e+05
4.1633e+05
4.9463e+05
4.9481e+05
4.9452e+05
3.8641e+05
3.8276e+05
5.4662e+05
4.9134e+05
4.4045e+05
4.1921e+05
3.9112e+05
3.7958e+05
3.799e+05
4.8334e+05
3.7784e+05
3.8275e+05
4.949e+05
3.8133e+05
3.7844e+05
3.7958e+05
3.7976e+05
3.8129e+05
3.7957e+05
3.7956e+05
3.7977e+05
3.7786e+05
3.7957e+05
3.7958e+05
3.8131e+05
3.7957e+05
3.926e+05
3.9578e+05
3.9576e+05
3.9083e+05
3.8103e+05
3.8678e+05
3.7841e+05
3.5282e+05
3.5765e+05
4.1455e+05
4.0952e+05
4.0933e+05
3.5625e+05
3.615e+05
3.6176e+05
3.5559e+05
4.0901e+05
4.0408e+05
4.0921e+05
4.0903e+05
4.0903e+05
4.0902e+05
4.0409e+05
5.3998e+05
4.153e+05
5.546e+05
3.9245e+05
4.0992e+05
3.5499e+05
4.0912e+05
4.0905e+05
5.0069e+05
3.8001e+05
3.802e+05
3.8032e+05
5.2741e+05
5.374e+05
4.0903e+05
4.6799e+05
4.0346e+05
4.57e+05
3.7904e+05
4.0378e+05
4.0903e+05
4.6819e+05
4.0901e+05
4.0934e+05
4.096e+05
4.0437e+05
5.3258e+05
4.2209e+05
4.1114e+05
3.9402e+05
3.8754e+05
4.4128e+05
3.5426e+05
4.1476e+05
4.146e+05
4.1457e+05
4.0904e+05
4.0903e+05
4.1394e+05
4.4762e+05
4.131e+05
5.1597e+05
4.1378e+05
4.2133e+05
4.9529e+05
4.8809e+05
3.6402e+05
3.5555e+05
4.0901e+05
4.0924e+05
4.0933e+05
4.0921e+05
4.0435e+05
3.6892e+05
4.0452e+05
4.1455e+05
4.0463e+05
4.8822e+05
4.9089e+05
4.1484e+05
3.8232e+05
3.8263e+05
3.7956e+05
3.7957e+05
5.417e+05
4.943e+05
4.3727e+05
4.3381e+05
4.0905e+05
4.8823e+05
4.3407e+05
3.7955e+05
3.8118e+05
3.786e+05
3.8175e+05
4.1123e+05
5.0272e+05
5.0412e+05
5.0432e+05
5.0242e+05
5.0431e+05
3.8129e+05
3.8005e+05
3.7812e+05
5.0314e+05
4.8764e+05
3.7958e+05
4.1353e+05
4.3793e+05
4.3268e+05
3.7477e+05
5.4435e+05
4.0839e+05
4.0301e+05
4.8666e+05
3.6891e+05
5.0646e+05
3.692e+05
4.0651e+05
4.1181e+05
4.118e+05
4.1183e+05
4.1209e+05
4.1732e+05
4.1241e+05
4.9564e+05
4.9102e+05
5.4504e+05
3.9219e+05
4.0285e+05
4.075e+05
4.127e+05
4.0809e+05
4.1823e+05
4.1824e+05
4.2443e+05
4.2965e+05
4.3487e+05
4.2965e+05
4.2934e+05
5.2332e+05
5.2853e+05
4.1237e+05
4.0719e+05
3.829e+05
4.101e+05
4.3481e+05
3.5823e+05
4.0674e+05
4.1301e+05
4.0902e+05
4.0902e+05
4.0934e+05
4.0559e+05
3.6728e+05
4.164e+05
4.1739e+05
3.869e+05
3.8663e+05
4.0697e+05
4.8768e+05
4.8802e+05
4.0951e+05
5.4198e+05
4.9647e+05
4.9523e+05
4.0477e+05
4.0932e+05
5.3761e+05
4.0958e+05
4.6821e+05
4.7572e+05
4.088e+05
5.1127e+05
4.0921e+05
4.1091e+05
4.0901e+05
4.0934e+05
4.128e+05
4.1309e+05
3.6969e+05
3.7233e+05
4.3245e+05
4.3237e+05
3.6396e+05
5.0093e+05
3.6363e+05
3.7998e+05
3.8007e+05
3.8354e+05
3.8323e+05
3.8305e+05
5.4691e+05
5.4723e+05
4.3239e+05
3.7977e+05
3.812e+05
3.8013e+05
3.7957e+05
3.7958e+05
3.7978e+05
4.8786e+05
3.7978e+05
4.8828e+05
3.935e+05
3.8824e+05
3.8794e+05
5.3103e+05
3.8971e+05
4.8824e+05
3.8125e+05
4.9268e+05
4.1541e+05
4.9512e+05
3.7759e+05
3.772e+05
3.745e+05
3.7943e+05
3.7469e+05
4.2335e+05
4.016e+05
3.9348e+05
3.9364e+05
4.3736e+05
4.3507e+05
3.881e+05
3.8844e+05
3.881e+05
3.8824e+05
4.3696e+05
3.8969e+05
3.9478e+05
4.9296e+05
4.8706e+05
3.8005e+05
4.8803e+05
4.8784e+05
4.8844e+05
4.8813e+05
4.8784e+05
4.9304e+05
4.8813e+05
4.0415e+05
5.0471e+05
4.8814e+05
4.9478e+05
5.0258e+05
4.0952e+05
4.8813e+05
4.0417e+05
3.8004e+05
4.8784e+05
4.8815e+05
4.0923e+05
4.0923e+05
4.0908e+05
4.0454e+05
5.0243e+05
4.0908e+05
4.9234e+05
4.881e+05
4.0908e+05
4.0766e+05
4.095e+05
4.0273e+05
4.0955e+05
4.0761e+05
4.0759e+05
4.0761e+05
4.9113e+05
3.7976e+05
4.0903e+05
4.8814e+05
4.8815e+05
3.7978e+05
3.7986e+05
4.8766e+05
4.8939e+05
4.8766e+05
4.8909e+05
4.7292e+05
4.7438e+05
3.81e+05
4.8768e+05
3.7976e+05
4.891e+05
4.9142e+05
4.8766e+05
4.0905e+05
4.3853e+05
4.0955e+05
4.0954e+05
3.8985e+05
4.7343e+05
4.8765e+05
4.8768e+05
4.8794e+05
3.8103e+05
3.7859e+05
3.813e+05
3.8007e+05
3.7959e+05
3.7959e+05
3.7957e+05
4.8767e+05
4.8768e+05
4.8768e+05
3.7962e+05
4.8786e+05
4.8803e+05
5.0241e+05
4.8784e+05
3.8275e+05
3.7976e+05
4.9317e+05
4.9475e+05
4.7287e+05
3.8007e+05
4.8787e+05
4.8939e+05
4.8766e+05
3.7813e+05
3.7959e+05
3.7955e+05
4.864e+05
4.8582e+05
4.8786e+05
4.8813e+05
4.9114e+05
3.9314e+05
4.8678e+05
4.911e+05
3.8829e+05
3.943e+05
4.8615e+05
3.5562e+05
4.039e+05
4.0934e+05
4.0965e+05
4.1444e+05
4.8795e+05
4.0477e+05
4.7213e+05
4.1634e+05
4.1082e+05
4.2095e+05
4.9464e+05
4.9465e+05
4.9464e+05
4.9466e+05
4.1656e+05
4.9291e+05
5.1503e+05
3.7458e+05
3.6373e+05
4.0966e+05
4.0349e+05
4.0902e+05
5.2664e+05
5.4444e+05
3.8006e+05
3.7958e+05
5.3465e+05
4.0399e+05
4.0379e+05
4.0755e+05
5.0773e+05
3.8316e+05
3.8515e+05
4.6632e+05
4.8585e+05
4.9393e+05
4.1051e+05
4.1573e+05
3.8596e+05
4.9085e+05
4.0935e+05
4.0954e+05
3.8009e+05
4.1266e+05
5.4446e+05
3.8477e+05
3.8276e+05
4.0873e+05
4.1236e+05
4.0431e+05
4.0871e+05
4.1212e+05
4.164e+05
4.5172e+05
4.8098e+05
5.354e+05
4.1073e+05
4.1202e+05
3.9166e+05
3.7944e+05
4.1743e+05
3.9229e+05
4.0359e+05
4.0757e+05
4.0903e+05
4.0903e+05
4.0441e+05
4.0761e+05
3.7702e+05
4.1262e+05
4.075e+05
4.0757e+05
3.8504e+05
3.7977e+05
3.8291e+05
4.3348e+05
4.3715e+05
4.3347e+05
4.2874e+05
4.3669e+05
3.8438e+05
4.3696e+05
3.8292e+05
4.4381e+05
4.089e+05
3.8493e+05
3.7972e+05
3.7984e+05
4.0756e+05
3.8319e+05
4.076e+05
4.1091e+05
3.8316e+05
3.7796e+05
3.7778e+05
4.0743e+05
4.1239e+05
3.7797e+05
3.7781e+05
4.0731e+05
3.7779e+05
3.778e+05
3.7796e+05
4.0743e+05
3.7974e+05
3.799e+05
4.0763e+05
4.1434e+05
4.1439e+05
4.6305e+05
5.4282e+05
5.4262e+05
4.2159e+05
5.4655e+05
4.6709e+05
4.1414e+05
3.5583e+05
5.4662e+05
4.7068e+05
4.6971e+05
4.6969e+05
4.6216e+05
4.6937e+05
4.6243e+05
4.0378e+05
4.0379e+05
4.5572e+05
4.8449e+05
4.1079e+05
3.848e+05
3.9827e+05
4.0378e+05
4.0381e+05
4.0727e+05
3.9082e+05
3.8531e+05
3.7858e+05
4.0379e+05
4.0377e+05
4.0808e+05
4.7064e+05
3.8399e+05
3.8466e+05
4.1243e+05
4.0239e+05
4.0775e+05
4.0919e+05
4.0754e+05
4.6843e+05
4.0774e+05
4.1249e+05
4.0932e+05
4.0777e+05
3.8318e+05
4.1234e+05
5.4569e+05
3.8294e+05
4.0684e+05
4.0746e+05
4.038e+05
4.0872e+05
4.9078e+05
5.4731e+05
4.3951e+05
5.2556e+05
4.1604e+05
5.3363e+05
5.2916e+05
4.1078e+05
4.9099e+05
4.9646e+05
3.9494e+05
3.9847e+05
4.0347e+05
4.0377e+05
4.0379e+05
4.0377e+05
4.0773e+05
4.0764e+05
4.124e+05
5.3017e+05
4.1227e+05
4.0774e+05
3.8311e+05
3.796e+05
3.8289e+05
4.3397e+05
4.3397e+05
4.3717e+05
4.37e+05
3.78e+05
3.7825e+05
4.3694e+05
4.3869e+05
4.3696e+05
3.8463e+05
3.7766e+05
3.7983e+05
4.0747e+05
3.7826e+05
4.0746e+05
3.8317e+05
3.7799e+05
3.78e+05
3.7799e+05
4.0745e+05
3.7781e+05
3.7779e+05
3.7824e+05
4.0951e+05
3.7797e+05
3.7797e+05
4.2223e+05
4.4318e+05
4.3791e+05
3.7476e+05
4.8048e+05
4.142e+05
4.122e+05
5.1256e+05
5.12e+05
3.6891e+05
3.7413e+05
4.8575e+05
4.1241e+05
4.0656e+05
4.1212e+05
4.9562e+05
4.121e+05
4.9564e+05
4.1241e+05
4.1241e+05
3.827e+05
5.3443e+05
4.026e+05
4.1241e+05
4.1272e+05
4.6734e+05
4.1807e+05
4.1797e+05
4.2965e+05
4.3487e+05
4.3458e+05
4.3458e+05
4.2995e+05
4.4043e+05
5.1825e+05
4.0865e+05
4.0748e+05
4.1266e+05
4.1122e+05
3.6596e+05
4.1165e+05
4.0934e+05
4.1272e+05
4.0902e+05
4.0902e+05
4.0982e+05
3.8439e+05
3.866e+05
4.1571e+05
3.831e+05
4.1224e+05
4.1223e+05
4.1223e+05
4.1226e+05
3.8276e+05
4.0877e+05
3.8571e+05
4.1264e+05
4.1718e+05
5.3561e+05
4.0746e+05
4.0399e+05
5.3555e+05
4.8078e+05
4.1455e+05
4.0736e+05
4.1229e+05
4.127e+05
4.1269e+05
4.0749e+05
4.0734e+05
3.5846e+05
4.1279e+05
4.131e+05
3.6588e+05
3.6685e+05
3.6357e+05
3.6356e+05
3.6804e+05
4.0748e+05
4.0738e+05
4.0748e+05
4.1246e+05
3.8323e+05
3.8293e+05
3.8293e+05
3.7466e+05
4.9287e+05
4.3682e+05
4.1772e+05
3.7778e+05
3.8349e+05
4.0704e+05
4.0781e+05
3.778e+05
3.7799e+05
4.0743e+05
3.7809e+05
3.5851e+05
3.8809e+05
3.9941e+05
3.78e+05
3.7798e+05
4.0739e+05
3.7809e+05
3.7808e+05
3.7781e+05
4.0728e+05
3.7832e+05
3.7774e+05
4.3177e+05
3.8291e+05
3.7992e+05
4.2867e+05
4.1733e+05
4.0377e+05
3.9377e+05
4.377e+05
3.8795e+05
3.8816e+05
3.9363e+05
3.9358e+05
3.9091e+05
4.4347e+05
4.3305e+05
3.8836e+05
4.2571e+05
4.865e+05
4.8732e+05
4.9167e+05
4.8675e+05
4.914e+05
4.8807e+05
4.9218e+05
4.9184e+05
4.0736e+05
4.9306e+05
4.9192e+05
4.8697e+05
3.9979e+05
4.093e+05
3.9449e+05
3.8826e+05
4.0964e+05
4.1423e+05
3.8276e+05
5.2075e+05
3.7811e+05
4.1432e+05
3.8476e+05
3.8295e+05
4.91e+05
4.0734e+05
4.1222e+05
3.8275e+05
3.845e+05
3.8504e+05
3.8477e+05
4.1397e+05
3.8448e+05
3.8293e+05
3.8303e+05
3.8273e+05
4.9141e+05
3.8273e+05
3.8421e+05
3.842e+05
5.1539e+05
3.8295e+05
4.0737e+05
4.1306e+05
5.3019e+05
4.909e+05
5.3017e+05
4.0748e+05
4.1459e+05
4.1241e+05
5.3018e+05
4.1243e+05
4.0257e+05
4.0735e+05
5.3059e+05
5.3061e+05
4.0733e+05
4.0979e+05
4.1227e+05
4.1238e+05
4.0766e+05
4.9087e+05
4.1241e+05
4.0748e+05
4.7136e+05
4.909e+05
3.8295e+05
3.877e+05
3.8346e+05
3.8319e+05
4.9107e+05
3.8304e+05
4.1255e+05
3.8504e+05
3.7791e+05
3.796e+05
4.0766e+05
3.8269e+05
3.7767e+05
3.7797e+05
4.0756e+05
3.7826e+05
4.0766e+05
3.798e+05
3.7962e+05
3.7797e+05
3.8289e+05
3.6073e+05
3.6331e+05
3.667e+05
3.7813e+05
3.7814e+05
3.7815e+05
4.8606e+05
3.8329e+05
4.88e+05
3.8773e+05
3.8484e+05
3.8309e+05
4.32e+05
4.93e+05
4.6333e+05
4.5877e+05
4.3828e+05
4.3852e+05
4.3359e+05
4.3707e+05
4.3358e+05
4.4221e+05
4.422e+05
4.424e+05
4.1791e+05
4.1742e+05
4.179e+05
4.1763e+05
4.9616e+05
4.1692e+05
4.1757e+05
3.5814e+05
3.7743e+05
3.7938e+05
3.7963e+05
3.7967e+05
3.7976e+05
3.7947e+05
3.8801e+05
4.0902e+05
4.0962e+05
4.0424e+05
3.714e+05
4.0329e+05
3.8345e+05
4.9626e+05
3.9799e+05
4.4221e+05
4.3728e+05
4.1765e+05
3.9773e+05
3.9806e+05
3.9784e+05
4.4241e+05
4.9508e+05
3.7704e+05
4.1779e+05
4.313e+05
3.6828e+05
3.6885e+05
3.8276e+05
3.7469e+05
4.2875e+05
5.3685e+05
3.8023e+05
3.8339e+05
3.8655e+05
3.7988e+05
4.1257e+05
3.9124e+05
4.4304e+05
3.8376e+05
3.9605e+05
3.9605e+05
3.9634e+05
3.9621e+05
3.7683e+05
4.0923e+05
4.0923e+05
4.9215e+05
3.9305e+05
3.9638e+05
4.9199e+05
4.0739e+05
3.7986e+05
4.8765e+05
4.946e+05
4.8971e+05
3.8654e+05
3.8652e+05
4.8972e+05
3.8652e+05
4.9461e+05
4.946e+05
4.9462e+05
4.9462e+05
3.7181e+05
3.7179e+05
3.8654e+05
4.7492e+05
4.7497e+05
3.8654e+05
3.7668e+05
3.865e+05
3.8654e+05
3.8653e+05
3.8653e+05
3.865e+05
3.8653e+05
3.8653e+05
3.6653e+05
3.7192e+05
4.2322e+05
4.2845e+05
3.7994e+05
3.85e+05
4.4094e+05
3.8688e+05
4.3921e+05
4.3427e+05
4.4093e+05
4.3395e+05
3.8687e+05
5.1633e+05
5.3729e+05
3.7999e+05
4.8804e+05
3.5369e+05
3.8284e+05
3.8808e+05
3.8847e+05
4.0292e+05
3.8818e+05
3.9333e+05
3.9807e+05
4.1764e+05
4.9624e+05
4.1763e+05
5.2134e+05
3.8388e+05
3.8818e+05
4.0621e+05
4.4546e+05
3.8302e+05
3.6308e+05
3.7724e+05
3.7609e+05
3.761e+05
3.7119e+05
3.7697e+05
3.7611e+05
4.0525e+05
4.8994e+05
4.7174e+05
3.7811e+05
3.7807e+05
4.1763e+05
3.7833e+05
3.8526e+05
3.7102e+05
3.9059e+05
3.8815e+05
3.9336e+05
5.258e+05
5.3468e+05
5.3454e+05
3.5247e+05
3.673e+05
3.7203e+05
5.2964e+05
4.9531e+05
3.8517e+05
4.3427e+05
4.3427e+05
4.3951e+05
3.839e+05
5.002e+05
3.9194e+05
3.8827e+05
3.8793e+05
4.1325e+05
4.134e+05
4.157e+05
3.9602e+05
4.9459e+05
3.9604e+05
4.9603e+05
4.1543e+05
3.8079e+05
4.1759e+05
4.8449e+05
4.9506e+05
3.8581e+05
4.9199e+05
4.8711e+05
4.0352e+05
4.1654e+05
4.9464e+05
4.9462e+05
4.9462e+05
3.8653e+05
3.8655e+05
3.8654e+05
3.8652e+05
4.2109e+05
3.8652e+05
3.8653e+05
3.8653e+05
3.784e+05
3.7957e+05
3.7955e+05
3.8655e+05
3.8651e+05
3.7953e+05
3.8339e+05
3.8652e+05
3.8654e+05
4.946e+05
3.8669e+05
4.8969e+05
3.7671e+05
3.8651e+05
3.8653e+05
3.8652e+05
4.2094e+05
3.8674e+05
3.8649e+05
3.7857e+05
3.8142e+05
3.6635e+05
3.6669e+05
3.7187e+05
3.7405e+05
3.7406e+05
5.0644e+05
5.2663e+05
4.8823e+05
4.8763e+05
4.8767e+05
3.8085e+05
3.8102e+05
3.8823e+05
3.98e+05
4.1048e+05
3.9598e+05
3.9592e+05
4.1065e+05
4.8878e+05
4.9456e+05
4.0727e+05
4.9177e+05
4.16e+05
4.9454e+05
3.6929e+05
3.7759e+05
4.1229e+05
3.7328e+05
3.7331e+05
3.7342e+05
3.8614e+05
3.859e+05
3.798e+05
4.0726e+05
3.693e+05
3.6962e+05
3.6959e+05
3.6879e+05
5.0117e+05
3.8789e+05
3.8818e+05
4.3758e+05
3.9367e+05
4.4278e+05
3.8823e+05
3.715e+05
4.1664e+05
4.1644e+05
4.1663e+05
4.9148e+05
4.9611e+05
4.9632e+05
3.9319e+05
5.0076e+05
3.6105e+05
4.0954e+05
4.0928e+05
4.272e+05
4.3731e+05
3.6361e+05
3.7286e+05
3.8817e+05
4.9626e+05
4.1764e+05
4.9627e+05
4.9481e+05
4.1254e+05
4.1603e+05
3.8905e+05
4.0934e+05
4.1279e+05
5.3041e+05
4.0724e+05
4.0728e+05
4.9145e+05
4.4025e+05
4.9435e+05
4.9603e+05
4.9606e+05
4.946e+05
4.1742e+05
3.8641e+05
3.9605e+05
4.9084e+05
4.8767e+05
5.4881e+05
4.9486e+05
3.8675e+05
3.7974e+05
4.9297e+05
4.9641e+05
5.5045e+05
5.5047e+05
5.4731e+05
4.9462e+05
4.1277e+05
5.4075e+05
4.7685e+05
4.7686e+05
4.9646e+05
3.6328e+05
3.6307e+05
3.6328e+05
4.4713e+05
3.8815e+05
4.2256e+05
4.0291e+05
4.1129e+05
4.0122e+05
3.8211e+05
4.0266e+05
4.09e+05
4.0381e+05
4.0379e+05
3.8769e+05
3.7626e+05
4.2316e+05
3.6857e+05
3.9364e+05
4.0284e+05
3.9784e+05
3.9781e+05
5.3535e+05
3.9285e+05
3.9273e+05
3.979e+05
4.4407e+05
4.4358e+05
4.4169e+05
3.9269e+05
4.374e+05
3.7831e+05
3.8296e+05
4.1274e+05
4.1273e+05
4.1222e+05
3.7788e+05
4.0733e+05
4.0736e+05
3.7959e+05
3.7779e+05
4.0909e+05
3.7971e+05
3.7798e+05
3.7796e+05
4.0736e+05
3.7801e+05
3.8475e+05
3.7971e+05
4.0937e+05
4.0745e+05
3.8289e+05
4.4171e+05
4.0728e+05
4.0899e+05
3.8324e+05
3.8324e+05
4.1264e+05
3.7781e+05
4.1243e+05
4.1224e+05
4.0755e+05
4.1237e+05
3.7797e+05
3.8841e+05
4.0703e+05
4.0919e+05
4.0747e+05
3.8346e+05
4.0725e+05
4.0744e+05
3.7797e+05
4.1235e+05
4.0753e+05
4.1238e+05
4.1269e+05
4.0716e+05
4.1249e+05
4.0918e+05
3.8357e+05
3.7797e+05
4.0745e+05
3.7972e+05
4.4359e+05
3.8316e+05
3.8318e+05
3.8316e+05
4.1755e+05
3.7798e+05
4.0773e+05
3.7797e+05
3.7787e+05
3.8315e+05
4.962e+05
3.8317e+05
4.1256e+05
4.0744e+05
4.0744e+05
4.0745e+05
4.1236e+05
4.9617e+05
3.8171e+05
3.8173e+05
3.8346e+05
4.0717e+05
3.7466e+05
3.8332e+05
3.7971e+05
4.0745e+05
4.1111e+05
3.8173e+05
3.799e+05
4.0744e+05
4.0736e+05
4.271e+05
3.6814e+05
3.797e+05
4.1106e+05
3.8173e+05
5.0659e+05
3.677e+05
3.6711e+05
3.7147e+05
3.865e+05
3.8715e+05
3.8685e+05
4.3965e+05
4.4367e+05
3.7987e+05
3.8294e+05
3.8275e+05
3.8307e+05
3.8797e+05
3.7814e+05
3.8325e+05
3.8343e+05
3.8326e+05
3.8304e+05
3.8322e+05
3.8306e+05
4.1253e+05
3.8305e+05
3.8304e+05
3.9779e+05
5.0607e+05
3.8325e+05
3.8847e+05
5.0606e+05
4.422e+05
3.8304e+05
5.5008e+05
3.8325e+05
5.5029e+05
4.1272e+05
3.8323e+05
3.8325e+05
3.8325e+05
3.8325e+05
3.8295e+05
5.5028e+05
3.8306e+05
3.8817e+05
3.8325e+05
4.9112e+05
3.8818e+05
4.9112e+05
3.8325e+05
3.8325e+05
3.8294e+05
3.8612e+05
3.8294e+05
3.8292e+05
3.8612e+05
3.8294e+05
3.8305e+05
3.8295e+05
3.8293e+05
3.8292e+05
4.1261e+05
3.8343e+05
3.8313e+05
4.9102e+05
3.8313e+05
3.831e+05
3.8309e+05
3.8313e+05
3.831e+05
3.8345e+05
4.1258e+05
3.7813e+05
4.9971e+05
4.1597e+05
3.8295e+05
4.122e+05
3.8293e+05
4.0759e+05
4.1402e+05
4.1128e+05
4.1244e+05
3.8316e+05
3.8292e+05
4.3208e+05
4.3699e+05
3.7814e+05
4.469e+05
4.4568e+05
5.3999e+05
5.3914e+05
4.1631e+05
4.9455e+05
3.758e+05
5.0816e+05
4.4079e+05
4.4632e+05
3.7688e+05
3.7237e+05
3.8101e+05
3.8684e+05
4.9003e+05
4.948e+05
4.9479e+05
4.9462e+05
5.49e+05
5.47e+05
4.3369e+05
5.4209e+05
4.3727e+05
3.8799e+05
4.1621e+05
4.1619e+05
3.5823e+05
3.5624e+05
3.6624e+05
4.1605e+05
4.4552e+05
4.4556e+05
4.4566e+05
3.9142e+05
3.9658e+05
4.1616e+05
5.4708e+05
3.8343e+05
3.8312e+05
3.9325e+05
3.8688e+05
3.8689e+05
3.8312e+05
3.8314e+05
3.8314e+05
3.8312e+05
3.9788e+05
3.8314e+05
3.8314e+05
3.8314e+05
4.4554e+05
4.1635e+05
3.8313e+05
3.831e+05
4.1291e+05
3.869e+05
3.8661e+05
3.8313e+05
4.1291e+05
3.8313e+05
3.8313e+05
3.8313e+05
3.8313e+05
3.8314e+05
3.8313e+05
3.8312e+05
3.8313e+05
3.8314e+05
3.8313e+05
3.8313e+05
4.126e+05
3.8313e+05
3.8313e+05
3.8313e+05
3.8312e+05
3.8313e+05
3.8313e+05
4.9121e+05
4.4072e+05
3.8313e+05
3.8313e+05
3.8312e+05
3.8294e+05
3.8325e+05
3.8322e+05
3.8313e+05
3.8342e+05
3.8312e+05
3.8325e+05
4.9625e+05
3.8311e+05
4.0769e+05
3.8284e+05
3.6233e+05
4.1142e+05
4.1659e+05
4.1611e+05
4.1271e+05
4.1127e+05
4.1226e+05
4.1254e+05
3.5789e+05
3.6032e+05
3.6003e+05
3.6552e+05
3.6182e+05
3.6355e+05
3.7688e+05
3.867e+05
3.7943e+05
3.7969e+05
3.7978e+05
3.816e+05
4.16e+05
4.16e+05
5.1462e+05
3.8004e+05
3.7999e+05
3.9025e+05
3.9729e+05
4.0255e+05
4.0285e+05
4.0246e+05
4.0289e+05
4.0245e+05
4.024e+05
4.8597e+05
4.6533e+05
4.3073e+05
4.8981e+05
3.865e+05
3.867e+05
3.8671e+05
3.8796e+05
3.8672e+05
3.8672e+05
3.8815e+05
3.8688e+05
3.8671e+05
3.8671e+05
3.8673e+05
4.9459e+05
3.8652e+05
3.8674e+05
3.8688e+05
3.8094e+05
3.8109e+05
3.8428e+05
3.8297e+05
3.8295e+05
3.8647e+05
3.8671e+05
3.8669e+05
3.8651e+05
4.9624e+05
3.8813e+05
3.8855e+05
4.9085e+05
3.8382e+05
4.9193e+05
3.8397e+05
3.864e+05
3.8813e+05
3.867e+05
3.8815e+05
3.8671e+05
3.8671e+05
3.8669e+05
3.8852e+05
3.8795e+05
3.8672e+05
3.867e+05
3.8667e+05
3.8688e+05
3.8833e+05
3.8833e+05
3.8674e+05
3.8689e+05
3.8299e+05
3.8687e+05
3.8684e+05
3.8649e+05
3.8687e+05
3.8653e+05
3.8688e+05
3.8655e+05
3.8687e+05
3.8687e+05
3.8718e+05
3.8832e+05
3.8671e+05
3.8671e+05
3.8797e+05
3.8671e+05
3.8671e+05
3.8684e+05
4.3683e+05
3.8652e+05
4.9614e+05
3.8287e+05
4.1619e+05
4.1128e+05
4.1763e+05
4.1658e+05
3.8741e+05
3.7198e+05
3.686e+05
3.7679e+05
4.37e+05
4.42e+05
4.4222e+05
4.4067e+05
5.0093e+05
4.3707e+05
4.3707e+05
5.0123e+05
3.7309e+05
3.7197e+05
3.8181e+05
3.8672e+05
3.867e+05
3.8669e+05
3.8798e+05
4.6021e+05
4.162e+05
5.448e+05
3.6857e+05
3.6368e+05
3.6861e+05
3.6366e+05
3.6861e+05
3.6861e+05
3.686e+05
5.0962e+05
5.0962e+05
3.7687e+05
3.7668e+05
3.5874e+05
4.1648e+05
3.6371e+05
3.6744e+05
3.6214e+05
4.2117e+05
4.3091e+05
4.3273e+05
4.4075e+05
3.7197e+05
3.7836e+05
3.7834e+05
3.6852e+05
4.1802e+05
4.7512e+05
4.1129e+05
3.8791e+05
3.931e+05
3.8123e+05
3.8834e+05
3.9164e+05
3.8836e+05
3.8385e+05
3.8732e+05
3.8641e+05
3.8669e+05
3.8815e+05
3.8815e+05
3.8382e+05
3.8836e+05
3.8812e+05
3.8485e+05
3.8687e+05
3.8669e+05
3.8642e+05
3.8652e+05
3.8652e+05
3.8671e+05
3.9143e+05
3.871e+05
3.8652e+05
3.9165e+05
3.8816e+05
3.8672e+05
3.8652e+05
3.8834e+05
3.867e+05
3.8832e+05
3.8834e+05
3.869e+05
3.8313e+05
3.8669e+05
3.8652e+05
3.8689e+05
3.8651e+05
3.8311e+05
3.8684e+05
3.8655e+05
4.3565e+05
4.1623e+05
4.1618e+05
3.8652e+05
4.1599e+05
3.8662e+05
4.1608e+05
4.9479e+05
4.1618e+05
4.1619e+05
4.948e+05
4.9479e+05
4.162e+05
4.948e+05
3.8641e+05
4.123e+05
4.1256e+05
4.1253e+05
4.8641e+05
4.9622e+05
5.4982e+05
4.1629e+05
4.9501e+05
4.162e+05
3.8669e+05
4.128e+05
4.1243e+05
4.9469e+05
4.1599e+05
4.1615e+05
4.16e+05
3.9145e+05
4.0141e+05
3.865e+05
4.9481e+05
4.9952e+05
3.8814e+05
4.1619e+05
4.162e+05
4.9459e+05
4.1742e+05
4.1597e+05
4.1608e+05
4.1634e+05
4.1743e+05
3.8812e+05
4.9469e+05
4.1765e+05
4.16e+05
4.1743e+05
4.1596e+05
3.8652e+05
3.7668e+05
4.1608e+05
4.1601e+05
4.1609e+05
4.1598e+05
4.0789e+05
4.1617e+05
3.865e+05
3.8667e+05
4.1608e+05
4.1598e+05
4.1598e+05
4.1609e+05
4.1609e+05
4.1616e+05
4.1616e+05
4.1599e+05
4.1617e+05
4.1618e+05
4.1651e+05
4.1618e+05
4.1618e+05
4.1621e+05
4.1608e+05
4.1602e+05
4.0957e+05
4.0969e+05
4.0906e+05
4.16e+05
4.0956e+05
4.0992e+05
4.1762e+05
4.1033e+05
3.8797e+05
3.7894e+05
3.8702e+05
4.1764e+05
4.0782e+05
4.1764e+05
4.0964e+05
4.1017e+05
4.8335e+05
4.8284e+05
4.8343e+05
4.8672e+05
4.4133e+05
4.8502e+05
3.8704e+05
3.8227e+05
3.5345e+05
4.2701e+05
3.6981e+05
3.7234e+05
3.98e+05
5.0791e+05
3.645e+05
3.8243e+05
3.7176e+05
3.781e+05
3.9467e+05
4.4131e+05
3.8332e+05
5.3535e+05
4.4675e+05
5.2941e+05
4.0703e+05
4.8794e+05
4.8765e+05
4.8772e+05
4.8789e+05
4.0912e+05
4.8771e+05
4.8766e+05
5.0733e+05
4.8777e+05
4.865e+05
4.0412e+05
4.7294e+05
4.4871e+05
4.1139e+05
4.8504e+05
4.6656e+05
4.669e+05
4.8908e+05
4.8553e+05
4.0903e+05
3.693e+05
4.0608e+05
4.8786e+05
4.8764e+05
4.927e+05
4.0932e+05
4.8784e+05
4.8677e+05
4.0876e+05
3.5932e+05
4.9573e+05
4.0252e+05
4.0252e+05
4.8598e+05
4.8626e+05
4.9305e+05
3.6499e+05
4.2513e+05
4.3124e+05
4.3307e+05
4.4155e+05
4.9729e+05
3.5937e+05
4.131e+05
4.0777e+05
4.0724e+05
4.0724e+05
4.0724e+05
4.11e+05
4.9487e+05
4.5758e+05
5.3016e+05
4.3849e+05
4.9026e+05
3.5849e+05
5.2661e+05
5.3059e+05
5.2684e+05
5.0055e+05
5.0111e+05
5.4488e+05
5.1544e+05
3.8656e+05
3.8627e+05
5.4143e+05
3.8212e+05
3.8026e+05
4.1227e+05
4.094e+05
4.1223e+05
4.0754e+05
4.0724e+05
3.8269e+05
4.0724e+05
3.8444e+05
4.5843e+05
4.0776e+05
3.842e+05
3.8315e+05
4.9301e+05
3.8478e+05
5.075e+05
5.1726e+05
4.0921e+05
4.0903e+05
4.9334e+05
4.9544e+05
4.9593e+05
4.9088e+05
5.26e+05
4.104e+05
4.1484e+05
4.0735e+05
3.8224e+05
3.8511e+05
4.0981e+05
5.3038e+05
4.0757e+05
4.0403e+05
4.0777e+05
4.1256e+05
4.0735e+05
4.0775e+05
4.0732e+05
3.7353e+05
4.0734e+05
4.0983e+05
4.0784e+05
4.1225e+05
4.1225e+05
4.1099e+05
3.8294e+05
3.7482e+05
3.7453e+05
5.4459e+05
4.421e+05
3.8019e+05
3.7524e+05
3.8308e+05
4.0726e+05
3.8291e+05
3.7797e+05
3.797e+05
4.0929e+05
4.6809e+05
4.074e+05
4.0428e+05
3.7972e+05
3.7798e+05
3.7799e+05
3.7786e+05
3.7779e+05
3.7778e+05
3.7807e+05
4.1219e+05
3.7984e+05
3.7798e+05
4.073e+05
4.0918e+05
4.0927e+05
4.4342e+05
4.9287e+05
4.7091e+05
4.1251e+05
3.5276e+05
4.1803e+05
4.0932e+05
4.0933e+05
4.0964e+05
3.5627e+05
4.1582e+05
3.6524e+05
4.1424e+05
4.1425e+05
4.0903e+05
4.0901e+05
4.0903e+05
4.0408e+05
4.0756e+05
4.131e+05
5.4065e+05
4.2063e+05
4.9371e+05
4.7666e+05
3.7982e+05
5.3185e+05
4.0954e+05
4.0402e+05
5.0547e+05
4.932e+05
4.8829e+05
4.1244e+05
5.2479e+05
5.3237e+05
5.2691e+05
4.6796e+05
4.1271e+05
4.1433e+05
3.9292e+05
4.0382e+05
5.3039e+05
4.1223e+05
5.3212e+05
4.7143e+05
4.0777e+05
4.0325e+05
4.0797e+05
3.828e+05
3.8272e+05
3.8232e+05
3.8263e+05
3.7834e+05
3.5549e+05
4.0934e+05
4.0953e+05
4.0432e+05
4.0408e+05
4.1228e+05
4.9086e+05
4.1103e+05
3.9666e+05
5.208e+05
4.0764e+05
4.1255e+05
4.1684e+05
4.0756e+05
4.0303e+05
4.037e+05
4.0924e+05
4.0903e+05
4.0443e+05
4.124e+05
4.1264e+05
4.0769e+05
4.1258e+05
4.1228e+05
4.0769e+05
4.075e+05
4.0767e+05
3.8294e+05
4.8803e+05
3.7984e+05
5.4527e+05
4.9093e+05
4.8813e+05
4.9101e+05
4.9651e+05
4.8644e+05
3.8279e+05
4.0942e+05
3.8288e+05
3.7781e+05
3.7796e+05
4.0747e+05
3.8283e+05
4.0768e+05
4.1267e+05
3.7971e+05
3.8291e+05
4.0744e+05
3.782e+05
3.7827e+05
3.7799e+05
4.0744e+05
4.0734e+05
3.7958e+05
3.7797e+05
4.3195e+05
4.3772e+05
4.3244e+05
5.1665e+05
4.8036e+05
4.0728e+05
4.0928e+05
4.9522e+05
4.3745e+05
3.6336e+05
3.6953e+05
4.1205e+05
4.1209e+05
4.1178e+05
4.1211e+05
4.9593e+05
4.0259e+05
4.7661e+05
4.1734e+05
4.075e+05
4.1449e+05
5.4512e+05
4.8641e+05
4.1272e+05
4.0812e+05
4.3762e+05
4.1826e+05
4.2342e+05
4.3457e+05
4.3487e+05
4.3458e+05
4.349e+05
4.3487e+05
4.3519e+05
5.0856e+05
4.1855e+05
4.9655e+05
4.1013e+05
3.8071e+05
5.0349e+05
3.5761e+05
4.0903e+05
4.0756e+05
4.1248e+05
4.0933e+05
4.0994e+05
4.1429e+05
3.8693e+05
4.1602e+05
3.8414e+05
4.1396e+05
4.1244e+05
4.1222e+05
3.832e+05
4.0761e+05
3.8276e+05
3.8791e+05
4.1285e+05
4.964e+05
4.1033e+05
4.0923e+05
5.2712e+05
4.1272e+05
4.7405e+05
4.0733e+05
5.3493e+05
4.6672e+05
4.0314e+05
4.0473e+05
4.0755e+05
4.0761e+05
4.1251e+05
4.1307e+05
3.7028e+05
3.6328e+05
4.2691e+05
3.6333e+05
3.6337e+05
4.1226e+05
4.0749e+05
4.9331e+05
4.0781e+05
4.3207e+05
4.075e+05
3.7771e+05
3.7752e+05
3.7484e+05
4.3699e+05
4.9083e+05
4.0296e+05
3.7817e+05
3.7954e+05
4.1224e+05
3.8301e+05
3.7973e+05
3.7971e+05
4.0743e+05
3.9315e+05
3.8762e+05
3.9445e+05
5.3697e+05
3.797e+05
3.7798e+05
4.0755e+05
3.7811e+05
4.9282e+05
3.7812e+05
3.7759e+05
3.7738e+05
3.7742e+05
3.7471e+05
4.2839e+05
4.2878e+05
4.0662e+05
4.4281e+05
4.3743e+05
4.323e+05
3.9067e+05
3.9443e+05
3.9458e+05
3.8967e+05
3.8967e+05
4.3244e+05
3.88e+05
3.8857e+05
4.8101e+05
4.6828e+05
4.8652e+05
4.6849e+05
4.884e+05
4.8794e+05
4.8764e+05
4.8784e+05
4.8803e+05
4.8804e+05
4.3855e+05
4.3757e+05
3.7869e+05
3.833e+05
4.6434e+05
4.8799e+05
4.6706e+05
4.9127e+05
3.8324e+05
4.917e+05
3.8015e+05
4.0268e+05
5.1886e+05
3.8273e+05
4.1244e+05
4.1221e+05
3.8295e+05
3.8271e+05
4.91e+05
4.1222e+05
4.1437e+05
4.122e+05
4.911e+05
3.8421e+05
4.1222e+05
3.8303e+05
4.9108e+05
4.1222e+05
4.9131e+05
3.8467e+05
3.8276e+05
4.8847e+05
4.0909e+05
3.828e+05
4.0732e+05
4.8621e+05
4.9332e+05
4.9088e+05
4.1226e+05
4.0965e+05
4.1197e+05
4.1226e+05
4.0736e+05
4.0732e+05
4.1226e+05
5.3017e+05
4.0738e+05
4.0964e+05
4.933e+05
4.124e+05
4.0736e+05
4.0736e+05
4.9105e+05
4.0735e+05
4.9087e+05
4.5172e+05
4.5159e+05
4.9101e+05
4.1229e+05
4.1237e+05
4.0737e+05
3.8018e+05
3.8304e+05
3.7761e+05
3.9763e+05
3.7965e+05
3.778e+05
3.8309e+05
4.0706e+05
3.8863e+05
3.7796e+05
3.798e+05
4.0716e+05
4.1244e+05
3.7795e+05
4.0916e+05
4.0756e+05
3.7791e+05
3.7799e+05
3.5593e+05
3.6084e+05
3.6332e+05
3.7821e+05
4.0384e+05
3.7816e+05
4.8626e+05
3.8454e+05
3.8455e+05
3.8455e+05
3.8244e+05
3.8015e+05
3.7962e+05
4.3419e+05
3.799e+05
5.173e+05
4.8765e+05
4.3859e+05
3.7958e+05
4.342e+05
4.3391e+05
4.422e+05
4.4239e+05
3.8838e+05
3.9799e+05
3.8791e+05
4.1743e+05
5.0134e+05
5.3189e+05
4.422e+05
4.1745e+05
4.0776e+05
4.4589e+05
5.0937e+05
4.0129e+05
3.7323e+05
3.7323e+05
3.7641e+05
3.7671e+05
4.1082e+05
3.7819e+05
3.7959e+05
4.7894e+05
4.8011e+05
3.7037e+05
3.7864e+05
3.7867e+05
3.8559e+05
3.7104e+05
4.1019e+05
3.905e+05
3.9054e+05
3.8809e+05
5.255e+05
3.9711e+05
4.1287e+05
4.2298e+05
4.2156e+05
3.7226e+05
3.8499e+05
3.8715e+05
4.3368e+05
4.2876e+05
4.2876e+05
3.7995e+05
3.8344e+05
4.455e+05
3.8266e+05
4.3249e+05
4.0319e+05
4.1385e+05
3.5983e+05
3.9621e+05
3.9605e+05
4.4534e+05
4.0172e+05
4.8555e+05
4.1631e+05
4.9983e+05
4.0778e+05
5.0028e+05
3.8637e+05
5.3593e+05
3.6481e+05
4.3875e+05
4.0908e+05
3.7485e+05
5.405e+05
4.9608e+05
4.915e+05
4.9521e+05
5.0762e+05
3.7026e+05
5.0447e+05
4.9461e+05
4.7986e+05
4.9457e+05
5.3885e+05
5.3885e+05
4.9461e+05
4.897e+05
4.8971e+05
4.0128e+05
4.9461e+05
4.1598e+05
4.1626e+05
4.1601e+05
4.1658e+05
4.9491e+05
4.1631e+05
3.6114e+05
3.6571e+05
3.6359e+05
3.641e+05
3.7962e+05
3.7996e+05
3.8007e+05
4.9299e+05
4.9305e+05
3.7976e+05
3.8022e+05
4.3362e+05
4.3408e+05
5.1742e+05
5.3709e+05
3.7997e+05
3.8024e+05
3.5442e+05
3.8825e+05
3.9488e+05
3.9488e+05
3.9331e+05
3.9786e+05
4.1032e+05
4.0266e+05
4.1763e+05
4.078e+05
4.9142e+05
5.4446e+05
3.8279e+05
4.0302e+05
4.8806e+05
3.8488e+05
3.8654e+05
4.3138e+05
4.4346e+05
4.3392e+05
3.7986e+05
3.8325e+05
3.7678e+05
3.7961e+05
3.6973e+05
5.1151e+05
3.9936e+05
3.7478e+05
3.7866e+05
3.7864e+05
3.7866e+05
4.1796e+05
4.1262e+05
4.9844e+05
3.7684e+05
3.7682e+05
3.7668e+05
3.7813e+05
4.9489e+05
3.6585e+05
3.5745e+05
3.6857e+05
5.4436e+05
5.4444e+05
4.34e+05
4.3395e+05
4.3388e+05
4.3397e+05
3.8341e+05
5.0955e+05
4.1226e+05
3.7517e+05
4.0971e+05
4.0922e+05
4.1127e+05
4.1295e+05
4.375e+05
3.764e+05
4.4027e+05
4.4517e+05
4.1093e+05
4.1567e+05
5.4073e+05
4.8879e+05
4.8506e+05
4.8773e+05
3.9462e+05
4.1309e+05
5.3681e+05
4.9204e+05
4.9142e+05
4.8766e+05
3.6887e+05
3.6859e+05
3.7404e+05
4.4224e+05
4.3735e+05
5.4059e+05
4.8532e+05
5.3042e+05
3.7425e+05
4.8673e+05
4.8821e+05
3.7319e+05
4.1766e+05
4.1721e+05
3.7315e+05
3.7699e+05
4.9334e+05
4.8764e+05
4.9951e+05
4.0129e+05
5.3882e+05
3.767e+05
3.9146e+05
3.8653e+05
4.1601e+05
3.9633e+05
4.1253e+05
4.1746e+05
3.5495e+05
3.6746e+05
3.7223e+05
3.7676e+05
3.7421e+05
3.7433e+05
3.8302e+05
5.2206e+05
5.27e+05
4.0462e+05
3.7957e+05
4.8771e+05
3.8116e+05
3.8131e+05
3.8559e+05
3.8555e+05
3.9077e+05
3.9792e+05
4.3506e+05
3.9054e+05
4.0099e+05
4.1022e+05
5.0031e+05
3.7957e+05
3.7964e+05
3.8655e+05
3.8176e+05
3.8313e+05
3.8314e+05
3.733e+05
3.7361e+05
3.7639e+05
3.7985e+05
3.8002e+05
5.0016e+05
3.6716e+05
3.6908e+05
3.6906e+05
3.6893e+05
3.7866e+05
3.5349e+05
3.8268e+05
3.8295e+05
3.8817e+05
3.8817e+05
3.8295e+05
3.8384e+05
3.7748e+05
4.1301e+05
3.7373e+05
3.7348e+05
3.7833e+05
5.3718e+05
5.1076e+05
5.0071e+05
4.8661e+05
4.1503e+05
4.0379e+05
4.2144e+05
4.3223e+05
4.3363e+05
3.6769e+05
3.6507e+05
4.0926e+05
3.882e+05
3.8819e+05
3.7962e+05
4.9482e+05
4.946e+05
4.16e+05
3.5532e+05
4.1279e+05
4.1279e+05
4.0727e+05
4.0704e+05
4.0786e+05
3.8301e+05
4.0093e+05
3.8798e+05
4.1745e+05
4.1605e+05
4.9461e+05
3.7088e+05
4.0003e+05
3.8592e+05
3.8274e+05
5.4167e+05
3.8648e+05
3.8674e+05
4.9483e+05
4.4568e+05
5.0118e+05
5.0133e+05
5.5033e+05
5.554e+05
3.8231e+05
4.1767e+05
4.1766e+05
5.3578e+05
5.3557e+05
4.1101e+05
4.7383e+05
3.6306e+05
3.6357e+05
3.5813e+05
3.7346e+05
3.7834e+05
3.931e+05
4.9602e+05
3.9253e+05
3.821e+05
3.8189e+05
3.9825e+05
4.0381e+05
4.038e+05
4.0359e+05
4.0196e+05
4.2858e+05
3.7933e+05
3.7836e+05
4.0784e+05
4.0292e+05
4.0291e+05
4.0286e+05
4.4723e+05
3.9778e+05
3.9649e+05
3.9807e+05
4.4203e+05
4.4262e+05
4.4232e+05
4.4194e+05
4.0779e+05
4.1265e+05
3.8327e+05
3.7806e+05
4.1274e+05
4.1746e+05
3.7785e+05
4.0706e+05
4.0731e+05
3.7806e+05
3.8003e+05
3.7784e+05
4.0735e+05
3.7971e+05
3.7799e+05
3.7942e+05
4.1411e+05
3.7981e+05
4.1236e+05
4.0725e+05
4.0716e+05
4.4169e+05
3.7838e+05
4.0745e+05
4.0725e+05
4.1765e+05
3.8324e+05
4.1768e+05
4.1265e+05
3.7785e+05
4.1238e+05
3.8325e+05
4.0746e+05
3.7798e+05
4.124e+05
4.0715e+05
4.0747e+05
3.8002e+05
3.7829e+05
4.0717e+05
4.0736e+05
4.1237e+05
4.1245e+05
4.1266e+05
4.0745e+05
3.8279e+05
4.1263e+05
4.1109e+05
4.0764e+05
3.8334e+05
4.4358e+05
4.4172e+05
3.7626e+05
3.7971e+05
3.7971e+05
3.777e+05
4.1275e+05
3.7974e+05
3.8319e+05
4.1611e+05
3.7959e+05
3.7971e+05
3.8305e+05
4.0771e+05
3.8327e+05
3.7788e+05
4.0752e+05
4.1265e+05
4.1268e+05
4.1758e+05
4.0919e+05
4.0919e+05
4.0734e+05
3.7817e+05
4.091e+05
4.1275e+05
4.092e+05
4.1265e+05
3.6303e+05
4.0717e+05
3.7974e+05
3.7798e+05
3.7798e+05
3.5604e+05
3.6334e+05
3.6368e+05
3.6367e+05
3.7971e+05
4.0744e+05
3.6367e+05
3.6314e+05
3.7272e+05
3.7296e+05
4.4577e+05
4.4555e+05
5.1e+05
3.8171e+05
3.8163e+05
3.8649e+05
3.8006e+05
3.8292e+05
3.8263e+05
3.8263e+05
3.8263e+05
3.8668e+05
3.8325e+05
3.8297e+05
4.1273e+05
4.0268e+05
4.0289e+05
5.5008e+05
3.8274e+05
3.8305e+05
4.0268e+05
3.8326e+05
3.8325e+05
3.8295e+05
3.8273e+05
3.8293e+05
3.9274e+05
4.91e+05
3.8273e+05
4.9401e+05
3.8293e+05
3.8293e+05
3.8294e+05
3.8294e+05
3.8322e+05
3.8275e+05
5.4505e+05
3.8294e+05
3.8294e+05
4.9104e+05
3.8666e+05
4.1238e+05
3.8613e+05
5.4505e+05
5.4507e+05
3.8293e+05
3.8293e+05
3.8294e+05
3.8273e+05
3.8671e+05
3.8669e+05
3.8671e+05
4.9152e+05
3.8294e+05
5.4507e+05
4.1271e+05
4.1243e+05
3.8294e+05
4.0779e+05
4.0781e+05
5.4509e+05
4.1242e+05
4.078e+05
3.8252e+05
4.1242e+05
4.1238e+05
5.0111e+05
4.0926e+05
4.1237e+05
3.8653e+05
4.1242e+05
4.1129e+05
3.8324e+05
4.13e+05
4.1125e+05
4.1404e+05
3.8796e+05
4.3595e+05
5.4409e+05
4.422e+05
4.4075e+05
3.867e+05
5.1453e+05
3.8808e+05
4.3238e+05
4.9482e+05
3.8646e+05
5.0843e+05
5.0497e+05
3.6708e+05
4.0145e+05
3.8678e+05
3.7831e+05
3.8157e+05
4.9e+05
4.9001e+05
4.8989e+05
4.9479e+05
4.9459e+05
5.5376e+05
3.8025e+05
5.4207e+05
5.5383e+05
5.0961e+05
5.0953e+05
4.1619e+05
5.0962e+05
3.5589e+05
3.5929e+05
4.9406e+05
3.9611e+05
3.7675e+05
4.6517e+05
4.1625e+05
3.816e+05
5.1045e+05
3.8385e+05
5.4742e+05
5.162e+05
3.8344e+05
3.8305e+05
3.9326e+05
3.98e+05
3.8324e+05
3.8295e+05
5.5046e+05
3.8305e+05
3.8342e+05
3.866e+05
3.8689e+05
3.866e+05
3.8313e+05
3.8688e+05
4.1637e+05
3.9785e+05
3.8832e+05
3.8591e+05
3.863e+05
3.8593e+05
3.8686e+05
3.8686e+05
3.8686e+05
3.8601e+05
3.8313e+05
3.8313e+05
3.8313e+05
3.8313e+05
3.863e+05
3.8313e+05
3.8313e+05
4.9121e+05
3.8673e+05
3.8297e+05
3.8297e+05
4.1548e+05
3.8313e+05
3.869e+05
5.4525e+05
3.8294e+05
5.4527e+05
3.8313e+05
3.8343e+05
3.8313e+05
3.8313e+05
4.1621e+05
3.8313e+05
3.8313e+05
3.863e+05
3.8686e+05
3.829e+05
5.4537e+05
3.8314e+05
3.8313e+05
3.8815e+05
3.8293e+05
3.8291e+05
3.6212e+05
4.1627e+05
3.8652e+05
3.8652e+05
4.1599e+05
4.1596e+05
3.867e+05
4.114e+05
3.6795e+05
3.6734e+05
3.6732e+05
3.6732e+05
3.6735e+05
3.867e+05
3.7948e+05
3.7426e+05
3.7949e+05
3.7454e+05
3.8663e+05
5.1926e+05
3.7667e+05
3.8e+05
3.8033e+05
3.8499e+05
3.9608e+05
4.0252e+05
4.0267e+05
4.0282e+05
4.0239e+05
4.0262e+05
4.026e+05
4.0212e+05
4.9479e+05
4.5037e+05
5.0118e+05
3.8642e+05
3.8685e+05
3.8825e+05
3.8833e+05
3.869e+05
3.8671e+05
3.8673e+05
3.8814e+05
3.8674e+05
3.8797e+05
3.8821e+05
3.8674e+05
3.8674e+05
3.8674e+05
3.8814e+05
3.8672e+05
3.8672e+05
3.8672e+05
3.8674e+05
3.8674e+05
3.8081e+05
3.8812e+05
3.8654e+05
3.865e+05
3.8673e+05
3.8671e+05
3.8669e+05
3.8674e+05
3.8092e+05
3.8687e+05
3.8674e+05
3.8686e+05
3.8672e+05
3.8686e+05
3.8652e+05
3.8669e+05
3.867e+05
3.8667e+05
3.8674e+05
3.8686e+05
3.8668e+05
3.865e+05
3.8669e+05
3.8673e+05
3.8688e+05
3.8673e+05
3.8684e+05
3.8683e+05
3.8303e+05
3.865e+05
3.8651e+05
3.8686e+05
3.8687e+05
3.8672e+05
3.8673e+05
3.834e+05
3.8673e+05
4.4077e+05
3.8565e+05
3.871e+05
4.4075e+05
4.211e+05
4.1129e+05
4.1619e+05
3.8652e+05
4.1117e+05
4.1609e+05
4.9459e+05
4.1608e+05
3.866e+05
4.1127e+05
3.8652e+05
3.8274e+05
3.8276e+05
3.8827e+05
3.6254e+05
3.5894e+05
3.7197e+05
4.3266e+05
4.3699e+05
4.4044e+05
4.418e+05
5.0934e+05
4.3248e+05
5.0578e+05
3.7312e+05
3.6821e+05
3.8179e+05
3.867e+05
3.8794e+05
3.8815e+05
3.8671e+05
5.292e+05
5.2919e+05
4.1619e+05
3.633e+05
3.6368e+05
3.6368e+05
3.686e+05
3.6861e+05
3.6861e+05
3.7698e+05
3.6862e+05
3.769e+05
3.7688e+05
3.769e+05
3.7688e+05
3.7688e+05
3.6215e+05
3.6215e+05
4.212e+05
4.1623e+05
4.2583e+05
4.9978e+05
3.6338e+05
3.7227e+05
3.6368e+05
5.0963e+05
5.0122e+05
3.587e+05
4.1747e+05
4.0759e+05
4.0334e+05
3.9184e+05
3.8652e+05
3.869e+05
3.8313e+05
3.8141e+05
3.8692e+05
3.8139e+05
3.867e+05
3.8687e+05
3.869e+05
3.8674e+05
3.8667e+05
3.8856e+05
3.8816e+05
3.867e+05
3.8688e+05
3.8689e+05
3.8295e+05
3.8672e+05
3.867e+05
3.867e+05
3.865e+05
3.8796e+05
3.8653e+05
3.9335e+05
3.9165e+05
3.9162e+05
4.4605e+05
3.9181e+05
3.9143e+05
3.8642e+05
3.8688e+05
3.8691e+05
3.8688e+05
3.8686e+05
3.8687e+05
3.8686e+05
3.8671e+05
3.8313e+05
3.8686e+05
3.8688e+05
3.8671e+05
3.8656e+05
3.8686e+05
3.8685e+05
4.3383e+05
3.8652e+05
3.8671e+05
4.1619e+05
4.1127e+05
4.1763e+05
4.1107e+05
4.1143e+05
4.1224e+05
4.9661e+05
4.1598e+05
4.9085e+05
4.9469e+05
4.1608e+05
3.866e+05
4.0741e+05
3.8805e+05
3.6023e+05
4.9595e+05
4.0318e+05
3.8817e+05
4.1272e+05
3.8815e+05
4.1763e+05
4.0319e+05
3.8326e+05
4.1763e+05
4.127e+05
4.1244e+05
3.8815e+05
4.1618e+05
4.1647e+05
3.8662e+05
5.5376e+05
4.1744e+05
3.865e+05
3.8671e+05
4.1619e+05
4.1617e+05
4.1108e+05
3.7688e+05
4.16e+05
3.7674e+05
5.0959e+05
5.096e+05
4.4565e+05
4.0145e+05
4.0145e+05
3.9162e+05
4.948e+05
5.0953e+05
5.0955e+05
3.644e+05
3.5499e+05
3.6166e+05
3.6334e+05
3.7776e+05
4.1608e+05
3.739e+05
3.6882e+05
3.7243e+05
3.7242e+05
3.7647e+05
3.8659e+05
4.464e+05
4.166e+05
4.9956e+05
3.7664e+05
5.4753e+05
3.8355e+05
3.8325e+05
4.4203e+05
3.8847e+05
3.8848e+05
3.8827e+05
4.4231e+05
4.1746e+05
3.8816e+05
4.1272e+05
3.8306e+05
3.8325e+05
3.9779e+05
3.5849e+05
3.685e+05
3.8305e+05
3.8322e+05
3.9307e+05
3.736e+05
3.7343e+05
3.736e+05
3.736e+05
3.7342e+05
5.5028e+05
5.5027e+05
4.4221e+05
3.8323e+05
3.8815e+05
5.5048e+05
3.8306e+05
3.8341e+05
5.4902e+05
5.501e+05
3.8671e+05
4.1262e+05
3.8341e+05
3.8325e+05
3.8325e+05
3.9181e+05
3.8324e+05
5.5028e+05
3.8835e+05
3.8342e+05
3.8343e+05
4.1272e+05
3.8342e+05
3.831e+05
4.1289e+05
4.0799e+05
4.1292e+05
4.1619e+05
3.8814e+05
3.9165e+05
3.8827e+05
3.8293e+05
4.08e+05
3.8835e+05
3.8342e+05
4.1254e+05
4.1098e+05
4.1619e+05
3.8672e+05
4.0783e+05
4.1618e+05
3.8673e+05
4.1621e+05
4.1416e+05
3.8295e+05
4.948e+05
3.7977e+05
4.4075e+05
4.4075e+05
3.8652e+05
4.4091e+05
3.8667e+05
3.8174e+05
5.4427e+05
5.4393e+05
5.0936e+05
4.324e+05
3.856e+05
3.9025e+05
4.406e+05
5.0964e+05
3.6219e+05
3.7688e+05
3.8652e+05
3.8665e+05
4.9494e+05
4.948e+05
4.4077e+05
4.9971e+05
5.5378e+05
3.8025e+05
3.7996e+05
3.8026e+05
3.7203e+05
4.3102e+05
4.9664e+05
4.1601e+05
3.5275e+05
4.1832e+05
3.6534e+05
3.8565e+05
4.1605e+05
3.7674e+05
5.1922e+05
4.1619e+05
4.9459e+05
4.4568e+05
5.538e+05
5.4741e+05
4.4221e+05
4.4219e+05
4.0801e+05
4.1782e+05
3.98e+05
3.8314e+05
4.1243e+05
3.8314e+05
4.0279e+05
3.9768e+05
3.8661e+05
3.8314e+05
3.8802e+05
4.0144e+05
3.8673e+05
4.1636e+05
3.977e+05
3.8688e+05
3.867e+05
3.8832e+05
4.126e+05
3.8294e+05
3.866e+05
3.8671e+05
3.8661e+05
3.869e+05
3.8313e+05
3.8692e+05
4.4066e+05
3.866e+05
4.1118e+05
4.1782e+05
4.1291e+05
4.1578e+05
3.8661e+05
3.8313e+05
5.4841e+05
3.8612e+05
3.8311e+05
3.8311e+05
4.9424e+05
4.9496e+05
3.8343e+05
3.8293e+05
3.9181e+05
4.947e+05
4.1242e+05
3.8313e+05
3.8342e+05
3.8343e+05
4.078e+05
4.9131e+05
4.1271e+05
4.9102e+05
3.8877e+05
4.0777e+05
4.1746e+05
4.1136e+05
4.1617e+05
4.08e+05
4.9461e+05
4.128e+05
4.127e+05
3.5374e+05
3.6e+05
3.5999e+05
3.6029e+05
3.6185e+05
3.5813e+05
3.8217e+05
4.0799e+05
3.84e+05
3.7968e+05
5.219e+05
5.2746e+05
3.7957e+05
3.866e+05
4.1608e+05
5.2736e+05
3.8529e+05
3.8499e+05
3.9056e+05
3.9728e+05
4.0269e+05
4.021e+05
4.0257e+05
4.0763e+05
4.0261e+05
4.1134e+05
4.8007e+05
5.0462e+05
3.8654e+05
3.8672e+05
3.8673e+05
3.8678e+05
3.8815e+05
4.9972e+05
3.7812e+05
3.8671e+05
3.8654e+05
3.8669e+05
3.8651e+05
3.7852e+05
3.8688e+05
3.8651e+05
3.8653e+05
3.8672e+05
3.8673e+05
3.8363e+05
3.8707e+05
3.8498e+05
3.8794e+05
3.8338e+05
4.471e+05
4.9962e+05
3.9307e+05
3.8855e+05
3.9165e+05
5.0115e+05
3.9162e+05
3.9162e+05
3.8671e+05
3.8814e+05
3.8672e+05
3.8671e+05
3.8671e+05
3.8672e+05
3.9163e+05
3.9164e+05
3.9308e+05
3.9298e+05
3.867e+05
3.8814e+05
3.8686e+05
3.8671e+05
3.8651e+05
3.8686e+05
3.8291e+05
3.8688e+05
3.8293e+05
3.8699e+05
3.867e+05
3.8672e+05
3.8671e+05
3.8815e+05
3.8672e+05
3.867e+05
3.8818e+05
3.8673e+05
3.8671e+05
4.4679e+05
3.767e+05
3.867e+05
4.162e+05
3.8651e+05
4.9952e+05
4.1656e+05
4.0734e+05
4.0675e+05
4.948e+05
4.1124e+05
3.8662e+05
4.16e+05
3.8712e+05
4.1129e+05
4.1163e+05
4.1154e+05
3.5778e+05
3.7205e+05
3.7697e+05
3.7202e+05
4.4058e+05
4.3701e+05
4.3681e+05
5.0963e+05
4.3209e+05
4.9598e+05
5.0123e+05
5.0578e+05
3.631e+05
3.8193e+05
3.8667e+05
3.7321e+05
4.5567e+05
4.5673e+05
5.3042e+05
5.0954e+05
5.3408e+05
3.6314e+05
3.6338e+05
3.6335e+05
3.6366e+05
3.6336e+05
3.6338e+05
3.6336e+05
5.0963e+05
3.7669e+05
3.7695e+05
3.7671e+05
4.4058e+05
5.0936e+05
3.7668e+05
4.2112e+05
4.1127e+05
4.1618e+05
4.3063e+05
3.7147e+05
4.4086e+05
3.7197e+05
5.0953e+05
5.1101e+05
4.2689e+05
3.6194e+05
4.1102e+05
4.1134e+05
4.0639e+05
3.9635e+05
3.9308e+05
3.8123e+05
3.8139e+05
3.7992e+05
3.8832e+05
3.8355e+05
3.8672e+05
3.8854e+05
3.883e+05
3.8797e+05
3.8818e+05
3.8694e+05
3.8673e+05
3.8684e+05
3.8674e+05
3.8687e+05
3.8673e+05
3.8796e+05
3.8626e+05
3.866e+05
3.8815e+05
3.8673e+05
3.865e+05
3.8671e+05
3.871e+05
3.8652e+05
3.8708e+05
3.8652e+05
4.4567e+05
3.8673e+05
5.4884e+05
3.8674e+05
5.4866e+05
3.5835e+05
5.4912e+05
4.9479e+05
5.4392e+05
4.9461e+05
5.3901e+05
4.9481e+05
4.9949e+05
5.4883e+05
4.0147e+05
3.8674e+05
3.8815e+05
3.8813e+05
3.8671e+05
3.8708e+05
3.8797e+05
4.9459e+05
4.9519e+05
4.0732e+05
4.965e+05
4.9474e+05
3.8646e+05
3.8275e+05
3.8273e+05
4.0752e+05
3.832e+05
4.1243e+05
4.0731e+05
3.6879e+05
4.1594e+05
4.1601e+05
4.075e+05
4.1243e+05
3.8278e+05
3.8817e+05
4.1224e+05
4.4548e+05
3.8674e+05
3.8295e+05
3.8788e+05
4.9479e+05
4.997e+05
4.1599e+05
3.7688e+05
4.16e+05
4.1111e+05
4.9459e+05
4.0148e+05
3.8671e+05
4.1658e+05
3.7178e+05
3.7675e+05
5.096e+05
5.0963e+05
3.9694e+05
4.1678e+05
3.867e+05
3.9169e+05
3.7686e+05
4.1601e+05
3.7197e+05
5.4432e+05
4.1456e+05
3.5587e+05
3.6334e+05
3.6368e+05
4.9112e+05
4.0722e+05
3.6737e+05
3.6734e+05
3.6721e+05
3.7668e+05
3.7146e+05
3.7842e+05
3.7644e+05
4.4524e+05
4.6026e+05
3.833e+05
5.4724e+05
3.8325e+05
3.8294e+05
3.8294e+05
3.8325e+05
3.8293e+05
4.0636e+05
3.8292e+05
3.8296e+05
3.8292e+05
3.8325e+05
3.8325e+05
3.634e+05
3.8296e+05
3.6343e+05
3.6832e+05
3.8295e+05
3.8322e+05
3.8294e+05
3.6818e+05
3.6731e+05
3.8294e+05
3.8295e+05
3.8292e+05
3.8294e+05
3.8293e+05
3.8322e+05
3.8305e+05
3.8293e+05
3.8293e+05
3.8295e+05
3.8294e+05
5.4805e+05
5.5008e+05
3.8304e+05
5.4505e+05
5.5016e+05
4.3745e+05
3.831e+05
3.8834e+05
5.4523e+05
3.8312e+05
3.831e+05
3.8343e+05
3.8322e+05
3.8342e+05
3.8341e+05
3.8667e+05
4.1241e+05
4.0767e+05
3.5819e+05
3.8304e+05
4.9148e+05
4.127e+05
3.8313e+05
3.8305e+05
3.8293e+05
3.8805e+05
4.1127e+05
4.9103e+05
4.1124e+05
4.1126e+05
4.1253e+05
4.1226e+05
4.91e+05
4.1223e+05
4.0896e+05
4.0894e+05
4.1234e+05
4.0756e+05
3.8846e+05
5.439e+05
4.4074e+05
4.3237e+05
4.3728e+05
4.4727e+05
3.7848e+05
5.3552e+05
5.3419e+05
5.0938e+05
5.3391e+05
5.5358e+05
4.1572e+05
4.8987e+05
4.9971e+05
4.0128e+05
3.6251e+05
3.9181e+05
3.8671e+05
3.8672e+05
4.9481e+05
4.4077e+05
4.4713e+05
5.5521e+05
3.8517e+05
3.7946e+05
5.5381e+05
5.0963e+05
3.7727e+05
3.6831e+05
3.7234e+05
3.5636e+05
3.5967e+05
3.6592e+05
3.7141e+05
4.4554e+05
3.865e+05
4.4481e+05
4.457e+05
3.8655e+05
3.8674e+05
3.8558e+05
4.425e+05
4.4251e+05
3.8322e+05
4.0279e+05
3.8325e+05
3.8314e+05
3.831e+05
3.864e+05
3.8293e+05
3.8313e+05
3.8611e+05
4.3716e+05
5.4525e+05
4.4493e+05
3.831e+05
3.6721e+05
3.8598e+05
4.1621e+05
3.5885e+05
3.8688e+05
3.8642e+05
3.8661e+05
3.7361e+05
3.8688e+05
5.4824e+05
3.8628e+05
3.866e+05
3.8312e+05
3.8592e+05
3.8294e+05
3.8313e+05
5.2386e+05
5.4842e+05
3.8296e+05
3.831e+05
4.942e+05
3.831e+05
5.451e+05
3.8294e+05
3.8671e+05
4.1273e+05
4.4018e+05
3.8595e+05
4.9131e+05
4.4092e+05
3.8313e+05
3.8292e+05
3.8293e+05
3.8325e+05
4.915e+05
5.4554e+05
4.1588e+05
5.5047e+05
3.8304e+05
3.8312e+05
4.9151e+05
4.9122e+05
4.1611e+05
4.1288e+05
4.1259e+05
4.1616e+05
4.91e+05
4.1599e+05
3.8278e+05
4.9477e+05
3.8294e+05
4.0662e+05
3.8279e+05
4.9278e+05
3.8234e+05
4.4711e+05
4.3613e+05
4.997e+05
3.9309e+05
3.7832e+05
5.0115e+05
5.2899e+05
3.8656e+05
5.5349e+05
4.9956e+05
5.0905e+05
3.8672e+05
4.9971e+05
4.1165e+05
3.6707e+05
3.8694e+05
3.8815e+05
4.9479e+05
4.9625e+05
4.9624e+05
4.9482e+05
4.9971e+05
3.8558e+05
3.7995e+05
3.7974e+05
4.162e+05
3.7669e+05
3.7671e+05
3.7196e+05
3.5763e+05
3.5592e+05
5.1786e+05
3.7691e+05
4.9465e+05
3.8626e+05
3.9633e+05
4.0124e+05
3.8446e+05
3.8681e+05
4.8557e+05
3.8343e+05
3.8343e+05
4.427e+05
3.8314e+05
4.4207e+05
4.1608e+05
4.9499e+05
3.8671e+05
4.9152e+05
3.8687e+05
3.8312e+05
3.831e+05
3.7992e+05
3.869e+05
3.831e+05
3.8313e+05
3.8313e+05
3.8313e+05
3.5857e+05
3.831e+05
3.8313e+05
3.8311e+05
3.8313e+05
3.8341e+05
4.4238e+05
5.5046e+05
3.8835e+05
3.8834e+05
3.8835e+05
3.8343e+05
3.8341e+05
5.5363e+05
3.8343e+05
3.831e+05
3.8341e+05
3.8341e+05
3.831e+05
3.831e+05
4.3746e+05
3.8341e+05
5.4523e+05
4.9122e+05
3.8831e+05
3.8314e+05
3.8341e+05
4.126e+05
3.8311e+05
3.8342e+05
4.0749e+05
3.8341e+05
3.8342e+05
3.8684e+05
4.0767e+05
3.8281e+05
3.8341e+05
3.8295e+05
3.8324e+05
4.1291e+05
3.8834e+05
4.1146e+05
3.8652e+05
4.166e+05
3.8295e+05
4.1131e+05
4.1599e+05
4.0291e+05
4.948e+05
4.1618e+05
4.0753e+05
3.8496e+05
5.5025e+05
5.4506e+05
3.867e+05
3.8296e+05
3.8795e+05
4.7648e+05
5.454e+05
5.3092e+05
4.1764e+05
3.7639e+05
4.1541e+05
3.8174e+05
5.0134e+05
4.4193e+05
3.6215e+05
3.9162e+05
3.9191e+05
4.9972e+05
4.9497e+05
4.9479e+05
4.9972e+05
4.4586e+05
5.4444e+05
3.8547e+05
3.8007e+05
3.8679e+05
3.8189e+05
5.0953e+05
3.8672e+05
4.0753e+05
3.5987e+05
3.653e+05
5.0938e+05
3.6689e+05
3.8678e+05
4.4575e+05
3.9636e+05
4.4558e+05
4.4553e+05
4.8881e+05
3.8313e+05
3.8343e+05
3.8345e+05
4.3748e+05
4.4239e+05
4.0277e+05
4.126e+05
3.8341e+05
3.8312e+05
3.8659e+05
3.9293e+05
3.8543e+05
3.831e+05
3.8312e+05
3.8312e+05
4.4236e+05
4.126e+05
3.8313e+05
3.6374e+05
3.5887e+05
3.8312e+05
4.9103e+05
3.8303e+05
3.863e+05
3.8598e+05
3.8313e+05
3.8313e+05
4.9148e+05
3.831e+05
3.8313e+05
3.8344e+05
3.8341e+05
3.8312e+05
3.831e+05
3.831e+05
3.869e+05
3.8341e+05
3.8314e+05
4.961e+05
3.8689e+05
3.8689e+05
3.8292e+05
3.8313e+05
3.831e+05
3.8803e+05
3.831e+05
3.8344e+05
3.8689e+05
3.8342e+05
3.831e+05
3.831e+05
3.865e+05
3.8281e+05
3.8311e+05
4.912e+05
3.8312e+05
5.4527e+05
3.8669e+05
3.9179e+05
4.1128e+05
4.126e+05
4.1779e+05
3.8313e+05
4.129e+05
3.8343e+05
4.1261e+05
3.8689e+05
3.8669e+05
3.8276e+05
4.1243e+05
3.8686e+05
4.9119e+05
4.1615e+05
4.1635e+05
3.8831e+05
5.0586e+05
4.9612e+05
5.0576e+05
5.097e+05
3.7214e+05
3.8684e+05
5.0967e+05
4.4223e+05
5.0595e+05
5.0606e+05
4.7521e+05
5.0949e+05
4.9104e+05
3.7197e+05
5.1446e+05
5.0956e+05
3.5841e+05
3.7195e+05
4.5562e+05
4.5559e+05
4.6043e+05
3.7196e+05
3.683e+05
4.1629e+05
3.6887e+05
3.6875e+05
3.7658e+05
3.8884e+05
3.6502e+05
3.8765e+05
4.3335e+05
4.0757e+05
3.8888e+05
3.8166e+05
3.8389e+05
5.3402e+05
5.2548e+05
3.8794e+05
5.3562e+05
3.8343e+05
3.8634e+05
3.8644e+05
4.9459e+05
4.9481e+05
4.061e+05
4.1611e+05
5.3392e+05
5.3408e+05
4.0635e+05
3.9774e+05
5.3555e+05
5.2601e+05
3.9655e+05
4.1591e+05
3.9796e+05
4.0615e+05
4.945e+05
4.0636e+05
4.16e+05
4.1618e+05
4.161e+05
4.162e+05
5.341e+05
5.3391e+05
5.3016e+05
5.3072e+05
3.8672e+05
4.9464e+05
4.4567e+05
4.1619e+05
4.1619e+05
4.162e+05
4.1619e+05
4.604e+05
3.879e+05
3.8791e+05
4.5666e+05
3.8294e+05
3.9165e+05
4.9952e+05
3.7688e+05
3.6857e+05
3.7668e+05
3.6859e+05
4.1272e+05
4.1107e+05
3.8671e+05
4.1618e+05
4.1127e+05
4.9105e+05
4.1127e+05
4.7118e+05
3.8652e+05
4.9479e+05
3.8671e+05
4.1168e+05
3.8651e+05
4.1601e+05
4.9459e+05
4.9962e+05
4.1128e+05
5.3405e+05
5.3415e+05
5.341e+05
3.8669e+05
3.8295e+05
3.8642e+05
4.1619e+05
3.9162e+05
4.1618e+05
5.1096e+05
3.8813e+05
3.6195e+05
5.0956e+05
3.7691e+05
5.0934e+05
5.3552e+05
5.0993e+05
5.0953e+05
4.4575e+05
5.341e+05
5.0952e+05
5.3531e+05
3.8815e+05
5.0496e+05
5.0492e+05
3.7197e+05
3.7323e+05
4.7695e+05
3.6741e+05
3.8645e+05
4.605e+05
4.6023e+05
5.2551e+05
5.3409e+05
3.821e+05
4.4546e+05
3.8652e+05
3.767e+05
3.769e+05
3.8669e+05
3.8672e+05
4.1619e+05
4.1619e+05
4.6021e+05
4.1619e+05
3.8649e+05
3.8647e+05
5.3416e+05
4.4555e+05
3.8679e+05
3.8673e+05
3.8652e+05
4.946e+05
4.9661e+05
4.9459e+05
5.3534e+05
5.2857e+05
5.3408e+05
4.4709e+05
5.2859e+05
3.9653e+05
4.4566e+05
4.1618e+05
3.8844e+05
4.162e+05
4.0146e+05
4.5058e+05
4.1761e+05
5.3533e+05
4.1619e+05
3.8669e+05
5.3409e+05
5.3408e+05
5.3408e+05
3.867e+05
5.3408e+05
3.8671e+05
3.8298e+05
5.3037e+05
4.1764e+05
4.9104e+05
3.8815e+05
3.8295e+05
4.6018e+05
4.6015e+05
4.6014e+05
4.6015e+05
5.3551e+05
3.8652e+05
3.8661e+05
4.4556e+05
3.7689e+05
3.7815e+05
4.1262e+05
4.1106e+05
3.8671e+05
3.8654e+05
3.8798e+05
3.8647e+05
4.1619e+05
4.1618e+05
4.1272e+05
4.1232e+05
4.0733e+05
3.8292e+05
3.8672e+05
3.8671e+05
4.1598e+05
4.0753e+05
3.8277e+05
4.9099e+05
5.3409e+05
4.1241e+05
3.8322e+05
4.8639e+05
4.9116e+05
3.8813e+05
4.1129e+05
5.0953e+05
4.9481e+05
4.4077e+05
4.111e+05
5.0954e+05
5.0955e+05
3.8672e+05
5.0936e+05
5.0954e+05
5.3413e+05
5.0521e+05
5.3419e+05
5.0471e+05
4.4102e+05
5.2956e+05
4.161e+05
4.1621e+05
3.7177e+05
4.1622e+05
4.1623e+05
3.8674e+05
4.1738e+05
3.8674e+05
5.3413e+05
5.3554e+05
4.1621e+05
4.1622e+05
4.1159e+05
3.688e+05
3.7688e+05
3.8672e+05
3.8652e+05
4.1618e+05
4.1619e+05
4.4051e+05
4.4556e+05
3.8815e+05
5.2548e+05
4.1712e+05
3.9105e+05
3.8671e+05
3.87e+05
3.8794e+05
3.8805e+05
4.9518e+05
4.9459e+05
4.1741e+05
5.3597e+05
5.3071e+05
5.3035e+05
4.0087e+05
5.1157e+05
4.4259e+05
4.4712e+05
4.471e+05
4.1615e+05
3.9143e+05
4.1617e+05
4.948e+05
4.1618e+05
4.162e+05
5.341e+05
5.3388e+05
5.3406e+05
5.3389e+05
5.341e+05
5.303e+05
5.4865e+05
3.8275e+05
5.3527e+05
3.8295e+05
4.1801e+05
4.1804e+05
3.8668e+05
4.1744e+05
4.6162e+05
4.6016e+05
3.8712e+05
3.8647e+05
3.867e+05
3.8652e+05
3.7196e+05
4.4199e+05
4.1107e+05
3.7687e+05
4.1108e+05
4.471e+05
4.162e+05
4.1234e+05
3.866e+05
4.603e+05
4.1128e+05
4.1272e+05
3.8297e+05
4.0731e+05
3.8669e+05
3.864e+05
3.8623e+05
3.867e+05
4.9462e+05
4.9259e+05
3.8286e+05
4.1616e+05
5.3063e+05
5.3074e+05
3.8322e+05
3.8666e+05
3.8671e+05
4.1453e+05
3.8651e+05
3.867e+05
4.1617e+05
5.0952e+05
5.1098e+05
3.8672e+05
5.1101e+05
4.1622e+05
4.1764e+05
3.769e+05
5.341e+05
5.2571e+05
5.3556e+05
3.7837e+05
3.6715e+05
4.4546e+05
4.1146e+05
4.1156e+05
4.4075e+05
5.0932e+05
3.7322e+05
4.6018e+05
4.6022e+05
3.868e+05
5.3417e+05
3.7149e+05
4.1627e+05
4.4693e+05
3.7832e+05
3.7834e+05
3.8708e+05
3.685e+05
3.8796e+05
5.5355e+05
3.9654e+05
4.1598e+05
4.604e+05
3.8661e+05
5.341e+05
4.1597e+05
3.9653e+05
4.9479e+05
4.9435e+05
3.8679e+05
4.9448e+05
4.9452e+05
4.9614e+05
4.0777e+05
5.3546e+05
5.2782e+05
5.2599e+05
4.077e+05
5.3119e+05
3.8679e+05
3.6705e+05
3.9653e+05
3.9777e+05
4.0326e+05
4.1599e+05
4.0146e+05
4.162e+05
4.1619e+05
4.1619e+05
4.162e+05
5.341e+05
4.0124e+05
5.3408e+05
5.3388e+05
4.1619e+05
4.1243e+05
4.4171e+05
5.3525e+05
4.1619e+05
4.1245e+05
4.1243e+05
3.8669e+05
3.8654e+05
3.8652e+05
3.8671e+05
3.8645e+05
3.8671e+05
4.162e+05
4.162e+05
4.1619e+05
3.7832e+05
3.8673e+05
4.0317e+05
4.1109e+05
4.1619e+05
5.4392e+05
4.1597e+05
3.8671e+05
4.9479e+05
4.1618e+05
4.1128e+05
4.1116e+05
3.8295e+05
3.8279e+05
3.8654e+05
3.8676e+05
4.9469e+05
4.9522e+05
4.8668e+05
5.3435e+05
4.0286e+05
5.3046e+05
4.075e+05
4.1765e+05
4.1621e+05
4.1622e+05
4.1621e+05
5.11e+05
4.1662e+05
3.8817e+05
5.0955e+05
5.3444e+05
3.8651e+05
3.7668e+05
5.2558e+05
3.6945e+05
5.2985e+05
5.0467e+05
3.8217e+05
4.1165e+05
4.3648e+05
4.3622e+05
5.0157e+05
3.6341e+05
3.6343e+05
3.784e+05
3.6743e+05
3.6368e+05
3.637e+05
5.0531e+05
3.7234e+05
3.6771e+05
3.6742e+05
5.05e+05
5.0499e+05
3.7234e+05
3.721e+05
5.0499e+05
3.6764e+05
3.6741e+05
3.6742e+05
3.672e+05
3.6719e+05
3.7234e+05
5.0497e+05
3.6741e+05
3.6718e+05
3.6742e+05
4.3622e+05
4.3245e+05
3.6387e+05
3.7256e+05
3.6717e+05
3.6763e+05
5.0473e+05
3.6763e+05
3.6741e+05
3.6763e+05
4.9982e+05
3.7232e+05
3.7232e+05
3.6717e+05
3.6718e+05
3.6741e+05
3.6712e+05
3.6312e+05
3.7234e+05
3.6717e+05
3.6686e+05
3.8816e+05
3.6773e+05
3.7234e+05
3.6763e+05
3.6744e+05
3.7235e+05
3.6367e+05
3.6363e+05
3.7211e+05
5.0123e+05
3.636e+05
3.7052e+05
5.0529e+05
3.7232e+05
3.685e+05
3.6719e+05
3.6765e+05
3.6792e+05
3.6365e+05
3.6743e+05
3.6763e+05
3.6333e+05
3.723e+05
3.7232e+05
3.7232e+05
3.6386e+05
3.6763e+05
3.6742e+05
3.6739e+05
3.6304e+05
3.6358e+05
3.7235e+05
5.0499e+05
3.7207e+05
3.723e+05
3.7234e+05
3.6795e+05
3.6622e+05
3.6739e+05
3.6741e+05
3.6739e+05
3.5814e+05
3.6358e+05
3.6708e+05
3.6739e+05
3.6357e+05
3.6742e+05
3.6763e+05
3.6307e+05
3.671e+05
3.7201e+05
3.6336e+05
3.671e+05
5.0007e+05
3.6742e+05
3.6737e+05
3.6305e+05
5.0497e+05
3.6739e+05
3.5836e+05
3.6336e+05
5.0094e+05
3.6711e+05
3.5813e+05
3.9201e+05
3.6302e+05
3.618e+05
3.6305e+05
3.6851e+05
3.7201e+05
3.6246e+05
3.6797e+05
3.6156e+05
3.7138e+05
3.6159e+05
3.6421e+05
3.6734e+05
3.671e+05
3.6705e+05
5.0028e+05
3.6244e+05
3.6132e+05
3.671e+05
5.0497e+05
3.6741e+05
3.6304e+05
3.587e+05
3.6248e+05
4.8992e+05
4.9632e+05
3.5756e+05
3.625e+05
3.619e+05
4.3561e+05
3.5873e+05
3.6742e+05
3.5809e+05
3.6166e+05
4.3617e+05
4.4051e+05
4.4015e+05
3.6277e+05
4.4044e+05
4.4047e+05
3.6681e+05
4.3704e+05
4.6684e+05
4.6971e+05
4.6543e+05
4.6626e+05
4.6798e+05
4.7e+05
4.7174e+05
4.7174e+05
4.7174e+05
4.7174e+05
4.7174e+05
4.7156e+05
4.9102e+05
4.8668e+05
4.8668e+05
4.8668e+05
4.9621e+05
4.9593e+05
4.9621e+05
4.1722e+05
4.1739e+05
4.1741e+05
4.7655e+05
4.7657e+05
4.7657e+05
4.7657e+05
4.7667e+05
4.7667e+05
4.7157e+05
4.7144e+05
4.6839e+05
4.7499e+05
4.7499e+05
4.7521e+05
4.752e+05
4.752e+05
4.5353e+05
4.7605e+05
4.5725e+05
4.5729e+05
4.5729e+05
4.5239e+05
4.5208e+05
4.5239e+05
4.522e+05
4.573e+05
4.571e+05
4.5711e+05
4.5219e+05
4.5175e+05
3.8322e+05
3.8295e+05
3.8292e+05
3.9334e+05
3.7979e+05
3.7957e+05
3.8278e+05
4.4047e+05
4.6948e+05
3.9578e+05
3.9106e+05
3.9276e+05
3.7338e+05
3.6849e+05
4.1252e+05
4.1743e+05
4.1173e+05
3.8341e+05
4.9112e+05
3.8276e+05
4.9127e+05
3.7321e+05
4.9111e+05
4.9131e+05
4.1306e+05
3.8322e+05
3.8013e+05
4.9131e+05
3.8304e+05
3.7831e+05
3.8843e+05
3.8303e+05
3.8305e+05
4.1762e+05
3.8322e+05
4.8616e+05
3.888e+05
4.1792e+05
4.0933e+05
3.7443e+05
3.7986e+05
5.1232e+05
3.7864e+05
3.7956e+05
3.5905e+05
3.5893e+05
5.265e+05
3.7323e+05
3.763e+05
3.5234e+05
3.5234e+05
3.5234e+05
3.5234e+05
3.5234e+05
3.5234e+05
3.5234e+05
3.5234e+05
3.5234e+05
3.5234e+05
3.5234e+05
3.5234e+05
3.5234e+05
3.5234e+05
3.5234e+05
3.5234e+05
3.5234e+05
3.5234e+05
3.5234e+05
3.5234e+05
3.5234e+05
3.5234e+05
3.5234e+05
3.5234e+05
3.5234e+05
3.5234e+05
3.5234e+05
3.5234e+05
3.5234e+05
3.5234e+05
3.5234e+05
3.5234e+05
3.5234e+05
3.5234e+05
3.5234e+05
3.5234e+05
3.5234e+05
3.5234e+05
3.5234e+05
