3.5234e+05
3.5234e+05
5.5591e+05
3.549e+05
3.7431e+05
3.7434e+05
3.5236e+05
4.1824e+05
4.171e+05
3.8319e+05
3.5483e+05
3.7439e+05
3.7722e+05
4.177e+05
4.1777e+05
3.5294e+05
3.7417e+05
3.7405e+05
4.1622e+05
3.7259e+05
3.7753e+05
4.1783e+05
3.7436e+05
3.7434e+05
4.1822e+05
4.1844e+05
3.8847e+05
3.7408e+05
3.7437e+05
3.5267e+05
4.1671e+05
3.5351e+05
4.1277e+05
4.1872e+05
3.7434e+05
4.1871e+05
4.1794e+05
4.1826e+05
3.5401e+05
3.7423e+05
3.7421e+05
4.1655e+05
3.745e+05
4.1776e+05
4.1708e+05
4.138e+05
4.1887e+05
4.1717e+05
4.1362e+05
3.5433e+05
4.1827e+05
3.7437e+05
4.2017e+05
4.1856e+05
3.5356e+05
4.5693e+05
4.2334e+05
3.7405e+05
4.1871e+05
4.1793e+05
4.1795e+05
4.2323e+05
3.7408e+05
3.7408e+05
4.2361e+05
3.5443e+05
4.1857e+05
4.1736e+05
4.1872e+05
4.1883e+05
4.1827e+05
4.1348e+05
3.9347e+05
4.1845e+05
3.7452e+05
4.187e+05
4.1843e+05
4.184e+05
4.4683e+05
4.2334e+05
3.7408e+05
4.1886e+05
4.1802e+05
4.0699e+05
3.7378e+05
4.1771e+05
4.1724e+05
4.1811e+05
3.7832e+05
3.8403e+05
4.2367e+05
4.1804e+05
3.8431e+05
3.8753e+05
4.2376e+05
3.7603e+05
3.7943e+05
3.9254e+05
3.9082e+05
3.9084e+05
3.8448e+05
4.2319e+05
3.94e+05
3.596e+05
4.4846e+05
4.4846e+05
5.0716e+05
4.933e+05
3.7873e+05
3.9921e+05
5.073e+05
5.0728e+05
5.4791e+05
3.6367e+05
4.0078e+05
5.2014e+05
3.7944e+05
3.5279e+05
4.1508e+05
3.9083e+05
3.8729e+05
3.8786e+05
3.8537e+05
3.8243e+05
5.1947e+05
3.6106e+05
3.5815e+05
3.7922e+05
3.7642e+05
3.888e+05
3.6673e+05
5.1051e+05
4.0179e+05
4.045e+05
3.606e+05
3.9108e+05
3.561e+05
3.9049e+05
3.53e+05
3.5671e+05
3.5605e+05
3.6871e+05
4.495e+05
4.4951e+05
4.4974e+05
3.7599e+05
5.4781e+05
3.5928e+05
3.9402e+05
4.5094e+05
4.1827e+05
4.1337e+05
4.1397e+05
4.121e+05
3.7844e+05
4.5069e+05
4.1856e+05
3.937e+05
4.1337e+05
3.9199e+05
3.9048e+05
4.5087e+05
4.1856e+05
3.9372e+05
4.5293e+05
4.5318e+05
3.8882e+05
4.5264e+05
3.9368e+05
4.1825e+05
3.5354e+05
3.9192e+05
4.5093e+05
4.5066e+05
4.4604e+05
4.1335e+05
3.5865e+05
5.3345e+05
4.1221e+05
4.1826e+05
4.186e+05
4.151e+05
4.2232e+05
4.4978e+05
4.4758e+05
4.1177e+05
4.2384e+05
4.142e+05
3.9086e+05
4.2032e+05
4.2391e+05
3.7453e+05
3.6552e+05
3.6025e+05
5.0701e+05
3.5976e+05
3.5525e+05
4.4853e+05
3.8231e+05
4.2992e+05
3.8249e+05
3.7642e+05
4.1887e+05
3.8938e+05
3.8448e+05
3.8824e+05
4.2334e+05
3.7434e+05
4.2365e+05
4.2365e+05
4.2015e+05
4.4723e+05
3.7463e+05
3.7926e+05
4.2363e+05
4.1872e+05
4.2047e+05
5.07e+05
4.1871e+05
3.745e+05
4.1871e+05
4.2362e+05
3.7084e+05
4.4029e+05
3.7838e+05
3.551e+05
4.8261e+05
4.1874e+05
4.3348e+05
3.8387e+05
3.8403e+05
4.4192e+05
3.8461e+05
3.5487e+05
4.9214e+05
3.7698e+05
5.0689e+05
4.5808e+05
4.5284e+05
4.5293e+05
4.1826e+05
4.2765e+05
3.8804e+05
4.2741e+05
4.2767e+05
3.5957e+05
4.4175e+05
3.7868e+05
4.4721e+05
4.2248e+05
3.7884e+05
4.2491e+05
5.431e+05
3.8099e+05
4.4815e+05
5.2221e+05
4.4822e+05
4.4822e+05
4.1407e+05
4.1897e+05
4.4845e+05
4.5247e+05
4.5249e+05
4.2279e+05
3.7381e+05
3.5484e+05
4.1842e+05
5.0711e+05
3.7861e+05
4.3868e+05
3.794e+05
4.2751e+05
4.6887e+05
4.2465e+05
4.1942e+05
4.2374e+05
4.408e+05
4.8277e+05
4.1557e+05
4.1683e+05
3.745e+05
3.6105e+05
4.1393e+05
3.9082e+05
3.9086e+05
4.2868e+05
5.3925e+05
3.8909e+05
3.5962e+05
4.4846e+05
4.4756e+05
4.4457e+05
3.5285e+05
3.7958e+05
3.8916e+05
5.073e+05
5.0036e+05
3.5267e+05
5.5496e+05
4.0028e+05
5.2222e+05
4.2134e+05
3.5298e+05
4.1593e+05
3.8608e+05
3.931e+05
3.8233e+05
3.8248e+05
4.521e+05
3.6169e+05
3.5817e+05
3.5495e+05
3.549e+05
4.2376e+05
3.8909e+05
3.6415e+05
3.7852e+05
3.81e+05
3.8647e+05
3.6042e+05
3.9057e+05
3.6275e+05
3.9028e+05
3.564e+05
3.5632e+05
3.7488e+05
3.7289e+05
3.7608e+05
3.5731e+05
3.8303e+05
3.7581e+05
4.5022e+05
3.8878e+05
3.9022e+05
4.5123e+05
3.5931e+05
3.5956e+05
3.5968e+05
3.6266e+05
3.7449e+05
3.5994e+05
4.5095e+05
3.9059e+05
3.5627e+05
3.9195e+05
4.5093e+05
4.5093e+05
3.7725e+05
4.2033e+05
5.032e+05
4.9991e+05
5.0499e+05
5.0496e+05
4.4974e+05
4.4822e+05
4.1652e+05
4.1537e+05
4.1681e+05
5.3923e+05
5.3923e+05
4.1841e+05
3.6299e+05
4.1841e+05
4.1739e+05
4.1855e+05
4.1858e+05
4.1338e+05
5.1048e+05
4.492e+05
3.5469e+05
3.5425e+05
4.1812e+05
4.5009e+05
3.9083e+05
3.8429e+05
3.7944e+05
3.7944e+05
3.6032e+05
5.0704e+05
3.7437e+05
3.5948e+05
4.4856e+05
4.4851e+05
3.8604e+05
5.3001e+05
3.8422e+05
4.1508e+05
4.1869e+05
4.1396e+05
3.8102e+05
3.9415e+05
4.2305e+05
4.1885e+05
4.2363e+05
4.1916e+05
4.1853e+05
4.4803e+05
3.7475e+05
4.1639e+05
4.2363e+05
4.1872e+05
5.0728e+05
4.2363e+05
3.7407e+05
4.1871e+05
4.1871e+05
4.2378e+05
3.6943e+05
3.8884e+05
4.2261e+05
3.7942e+05
4.8261e+05
4.8897e+05
4.1384e+05
4.2378e+05
3.7883e+05
3.7855e+05
3.7936e+05
4.1847e+05
3.5584e+05
4.1882e+05
3.596e+05
4.4824e+05
4.5803e+05
4.5209e+05
3.8407e+05
4.2766e+05
3.875e+05
4.2337e+05
4.5712e+05
3.6298e+05
5.0705e+05
3.7868e+05
4.2379e+05
4.2308e+05
3.7898e+05
5.4396e+05
3.564e+05
4.1741e+05
5.2192e+05
4.4803e+05
4.4822e+05
3.985e+05
4.4839e+05
3.5496e+05
3.5484e+05
4.4853e+05
4.4662e+05
4.4862e+05
4.5145e+05
3.9222e+05
3.873e+05
4.5609e+05
4.4569e+05
3.585e+05
3.8705e+05
3.5817e+05
3.772e+05
3.8769e+05
5.0211e+05
4.4745e+05
3.5496e+05
4.3833e+05
4.4774e+05
3.5467e+05
3.5615e+05
3.58e+05
3.5494e+05
3.9082e+05
3.5652e+05
3.9254e+05
3.9388e+05
3.9401e+05
4.5784e+05
4.4846e+05
5.4779e+05
5.4766e+05
5.3432e+05
3.8791e+05
5.073e+05
5.073e+05
3.9098e+05
5.4462e+05
3.9075e+05
3.531e+05
3.7943e+05
4.2158e+05
3.5816e+05
3.5776e+05
3.5319e+05
5.058e+05
3.8262e+05
3.8236e+05
5.1654e+05
3.8562e+05
3.5817e+05
3.8412e+05
3.9112e+05
3.9446e+05
3.9214e+05
4.256e+05
4.0272e+05
3.5276e+05
4.2013e+05
3.9426e+05
5.0881e+05
3.6248e+05
4.197e+05
4.2449e+05
3.5316e+05
3.9044e+05
3.7674e+05
3.5734e+05
4.5108e+05
3.9048e+05
3.9424e+05
3.8993e+05
3.9399e+05
4.5296e+05
4.507e+05
4.1337e+05
4.1339e+05
4.2203e+05
4.4163e+05
4.0785e+05
4.2321e+05
3.9861e+05
4.1393e+05
3.573e+05
3.9051e+05
4.5062e+05
4.5063e+05
4.1798e+05
3.5464e+05
3.7463e+05
4.5269e+05
4.5298e+05
4.5291e+05
3.9193e+05
4.4839e+05
3.9196e+05
3.6246e+05
4.5069e+05
4.5089e+05
4.1824e+05
4.2827e+05
5.3492e+05
4.2091e+05
4.1335e+05
4.1838e+05
4.1367e+05
4.2201e+05
4.4978e+05
4.5091e+05
4.132e+05
4.1871e+05
4.1855e+05
3.9114e+05
4.2078e+05
3.7948e+05
3.7944e+05
3.6556e+05
3.6054e+05
5.0701e+05
3.7942e+05
4.2374e+05
4.4848e+05
3.8463e+05
3.91e+05
4.412e+05
3.7926e+05
4.1906e+05
3.7453e+05
3.9431e+05
4.0097e+05
4.2334e+05
4.1338e+05
4.2365e+05
4.2363e+05
4.202e+05
4.5212e+05
3.7475e+05
3.8113e+05
4.2363e+05
4.2363e+05
4.1874e+05
5.0687e+05
4.2333e+05
3.7434e+05
4.1869e+05
4.1873e+05
4.1923e+05
3.7162e+05
3.7217e+05
3.8535e+05
4.826e+05
4.1874e+05
4.4967e+05
3.7482e+05
3.6438e+05
4.4685e+05
3.9821e+05
3.5488e+05
4.9686e+05
3.5235e+05
4.1798e+05
4.237e+05
4.4823e+05
4.5805e+05
3.7852e+05
4.2766e+05
3.8804e+05
4.2738e+05
4.2337e+05
4.5742e+05
5.3693e+05
3.8388e+05
3.738e+05
4.2358e+05
3.7452e+05
3.6136e+05
4.2114e+05
3.564e+05
4.1832e+05
5.2222e+05
4.4821e+05
4.4822e+05
5.1699e+05
3.7969e+05
4.4847e+05
4.4845e+05
4.5249e+05
3.7881e+05
3.7376e+05
3.5457e+05
4.1816e+05
5.1058e+05
3.7473e+05
4.1671e+05
3.7724e+05
3.8791e+05
4.6858e+05
4.2465e+05
4.6884e+05
4.2374e+05
4.4031e+05
4.7292e+05
5.0749e+05
4.1916e+05
4.7468e+05
3.5486e+05
3.5526e+05
3.9084e+05
3.9084e+05
4.4343e+05
4.2336e+05
3.94e+05
3.5962e+05
4.4846e+05
4.4803e+05
4.164e+05
3.9978e+05
3.837e+05
3.5816e+05
5.073e+05
5.0687e+05
4.206e+05
3.6366e+05
3.9847e+05
5.2016e+05
3.7943e+05
4.1666e+05
4.1681e+05
3.8591e+05
3.9276e+05
3.873e+05
3.8537e+05
5.0034e+05
5.1745e+05
3.5817e+05
3.5497e+05
3.5465e+05
3.7497e+05
3.8909e+05
3.6772e+05
5.0685e+05
3.8303e+05
3.8647e+05
3.6025e+05
3.9058e+05
3.561e+05
3.9055e+05
3.5643e+05
3.5628e+05
3.7961e+05
4.954e+05
3.5306e+05
3.561e+05
4.4863e+05
3.9079e+05
3.9081e+05
3.5441e+05
3.9051e+05
4.5123e+05
3.6422e+05
3.5985e+05
3.5941e+05
3.629e+05
3.8133e+05
4.0093e+05
5.4424e+05
3.8962e+05
3.761e+05
3.9196e+05
4.4948e+05
4.5093e+05
4.51e+05
4.4833e+05
4.903e+05
5.014e+05
4.9973e+05
5.0523e+05
3.9194e+05
3.8877e+05
4.1739e+05
4.1536e+05
4.1683e+05
5.3923e+05
5.3923e+05
4.1639e+05
4.3146e+05
5.1167e+05
4.1746e+05
4.1365e+05
4.186e+05
4.151e+05
5.1047e+05
4.4978e+05
4.4805e+05
3.5411e+05
4.1815e+05
4.203e+05
3.9086e+05
4.2376e+05
4.1237e+05
3.7944e+05
3.6509e+05
3.5991e+05
3.8418e+05
3.5919e+05
4.4856e+05
4.4851e+05
3.8627e+05
3.8929e+05
4.0822e+05
3.8191e+05
4.1871e+05
4.1396e+05
4.1541e+05
3.9399e+05
4.2334e+05
3.7433e+05
4.2363e+05
4.2365e+05
4.2057e+05
4.4804e+05
3.7969e+05
4.1425e+05
4.2363e+05
4.1872e+05
3.596e+05
4.2348e+05
4.1351e+05
4.1871e+05
4.1871e+05
4.2362e+05
3.6462e+05
5.2926e+05
3.9261e+05
3.7941e+05
4.8261e+05
4.8261e+05
4.4332e+05
4.2336e+05
3.7363e+05
3.7857e+05
3.7943e+05
3.7943e+05
4.9165e+05
4.1829e+05
4.1742e+05
4.4838e+05
4.5818e+05
3.8397e+05
3.8448e+05
4.2766e+05
4.4183e+05
4.2337e+05
4.2764e+05
3.5702e+05
4.978e+05
3.7896e+05
4.4692e+05
4.2272e+05
3.7884e+05
4.3982e+05
5.431e+05
3.7607e+05
4.4802e+05
5.219e+05
4.4821e+05
4.5309e+05
4.4829e+05
4.5645e+05
3.5533e+05
4.4853e+05
4.5138e+05
4.4831e+05
4.5121e+05
3.8701e+05
3.8443e+05
3.5495e+05
4.5059e+05
4.4007e+05
3.83e+05
4.5067e+05
3.5761e+05
3.8784e+05
5.0703e+05
5.0179e+05
3.544e+05
4.5179e+05
3.7436e+05
3.7926e+05
3.8415e+05
3.7927e+05
3.7378e+05
4.434e+05
3.8361e+05
4.9688e+05
3.5471e+05
3.7898e+05
3.8479e+05
4.6021e+05
4.4574e+05
4.0265e+05
4.4013e+05
4.5296e+05
3.7444e+05
4.4683e+05
3.8817e+05
4.6108e+05
4.5433e+05
3.9068e+05
3.8436e+05
3.6316e+05
3.9257e+05
3.8594e+05
4.6038e+05
3.7477e+05
4.4868e+05
3.8946e+05
3.934e+05
4.3954e+05
4.1778e+05
3.932e+05
3.7385e+05
3.588e+05
3.8366e+05
4.4533e+05
3.7959e+05
3.9354e+05
3.9525e+05
3.9353e+05
3.9842e+05
3.9082e+05
3.9204e+05
3.9255e+05
5.0356e+05
5.1024e+05
3.7668e+05
3.9116e+05
3.9291e+05
5.4414e+05
5.0247e+05
3.8456e+05
4.6698e+05
3.7967e+05
4.5334e+05
4.86e+05
5.0247e+05
5.0219e+05
4.2105e+05
3.7439e+05
4.2761e+05
3.9794e+05
3.9702e+05
3.9772e+05
3.966e+05
3.977e+05
5.0497e+05
5.1046e+05
5.1027e+05
5.1111e+05
4.5652e+05
3.9326e+05
5.0267e+05
3.8946e+05
3.9138e+05
3.9445e+05
3.926e+05
3.8944e+05
3.8924e+05
5.3646e+05
5.0191e+05
4.1664e+05
3.941e+05
3.5483e+05
3.8715e+05
3.5279e+05
5.0036e+05
3.6246e+05
3.9401e+05
4.1366e+05
4.1335e+05
4.1366e+05
4.1798e+05
4.4846e+05
4.4324e+05
4.1854e+05
4.1855e+05
4.1857e+05
3.7578e+05
3.7925e+05
3.7407e+05
3.9401e+05
3.9401e+05
3.9401e+05
3.8652e+05
4.1664e+05
4.1433e+05
4.1368e+05
4.1857e+05
4.1799e+05
4.4947e+05
3.8909e+05
4.1366e+05
4.9718e+05
4.1368e+05
4.5788e+05
4.4783e+05
4.437e+05
4.1343e+05
4.1366e+05
4.1337e+05
4.2086e+05
3.5758e+05
4.4805e+05
5.018e+05
4.1337e+05
4.1364e+05
5.3405e+05
5.4921e+05
4.4643e+05
4.1323e+05
4.1306e+05
4.1653e+05
3.5643e+05
4.564e+05
4.1796e+05
4.1334e+05
4.132e+05
4.1198e+05
3.9459e+05
3.8689e+05
3.7848e+05
3.739e+05
4.1335e+05
4.4281e+05
3.902e+05
4.1363e+05
4.1855e+05
4.1335e+05
5.0148e+05
4.1668e+05
3.8186e+05
3.9209e+05
4.1321e+05
4.1826e+05
4.1362e+05
3.9743e+05
4.1504e+05
4.4772e+05
4.4744e+05
4.1324e+05
4.1911e+05
3.8521e+05
4.5046e+05
3.8898e+05
4.1324e+05
4.1814e+05
4.1815e+05
4.2115e+05
4.4541e+05
3.8848e+05
4.1305e+05
4.1305e+05
4.7031e+05
3.8999e+05
4.4927e+05
4.1332e+05
4.1795e+05
4.1826e+05
4.2076e+05
4.5097e+05
3.9044e+05
4.1327e+05
4.1335e+05
4.0845e+05
4.6784e+05
3.7232e+05
3.7634e+05
3.9082e+05
3.8475e+05
4.4589e+05
4.2003e+05
4.1365e+05
3.8461e+05
3.6002e+05
3.5321e+05
4.0468e+05
4.1263e+05
4.099e+05
5.073e+05
5.0731e+05
5.4828e+05
3.6335e+05
4.0077e+05
3.8893e+05
3.7946e+05
3.5279e+05
4.1509e+05
3.9103e+05
3.8758e+05
3.8787e+05
3.8537e+05
3.8243e+05
5.1947e+05
3.6088e+05
3.5815e+05
3.5467e+05
3.764e+05
3.8885e+05
3.8779e+05
4.0733e+05
4.3937e+05
3.8717e+05
3.6059e+05
4.2074e+05
3.5639e+05
3.9078e+05
3.5589e+05
3.5355e+05
3.5316e+05
4.1259e+05
4.4626e+05
3.8565e+05
4.4841e+05
3.8106e+05
3.5637e+05
3.5914e+05
3.9401e+05
4.5094e+05
4.1827e+05
4.1337e+05
4.1395e+05
4.3141e+05
5.3001e+05
3.6077e+05
4.5295e+05
3.8881e+05
4.1393e+05
3.9173e+05
3.9053e+05
4.5063e+05
4.5065e+05
4.1815e+05
4.5266e+05
4.5318e+05
3.5934e+05
3.9374e+05
3.9367e+05
4.188e+05
3.5705e+05
3.9049e+05
4.5093e+05
4.5088e+05
3.578e+05
3.5439e+05
4.3129e+05
3.8319e+05
4.1596e+05
4.116e+05
4.186e+05
4.1192e+05
4.2235e+05
4.4978e+05
4.5079e+05
4.1354e+05
4.2395e+05
4.1187e+05
3.9117e+05
4.2011e+05
4.2401e+05
3.7453e+05
3.6552e+05
3.6025e+05
4.4314e+05
4.1381e+05
3.8964e+05
3.6989e+05
3.5948e+05
4.1537e+05
4.3703e+05
4.3199e+05
3.548e+05
3.8957e+05
3.8333e+05
3.93e+05
4.1843e+05
3.7436e+05
4.2365e+05
4.2365e+05
4.202e+05
4.4746e+05
4.1888e+05
4.4976e+05
4.2363e+05
4.1875e+05
4.2047e+05
5.0726e+05
4.1871e+05
3.7451e+05
4.1872e+05
4.1881e+05
3.6597e+05
4.4013e+05
4.1173e+05
4.545e+05
4.826e+05
4.1875e+05
4.3344e+05
4.1797e+05
3.8403e+05
4.3849e+05
3.6875e+05
3.7449e+05
4.9132e+05
4.186e+05
3.547e+05
4.5317e+05
4.5285e+05
4.5885e+05
3.7885e+05
4.2766e+05
3.8804e+05
4.2739e+05
4.2337e+05
3.538e+05
3.8909e+05
4.1394e+05
3.8364e+05
4.2248e+05
3.7881e+05
3.6106e+05
4.2114e+05
3.564e+05
3.7444e+05
5.2219e+05
4.4821e+05
4.4822e+05
5.1669e+05
4.19e+05
4.4845e+05
4.5247e+05
4.5249e+05
3.7881e+05
3.7391e+05
3.794e+05
4.1816e+05
5.1145e+05
4.3546e+05
3.8724e+05
5.0513e+05
4.2752e+05
4.1972e+05
4.2465e+05
4.1942e+05
4.1883e+05
4.4175e+05
4.7765e+05
4.1564e+05
4.1916e+05
3.6008e+05
3.5511e+05
4.1885e+05
3.9082e+05
3.9086e+05
4.2869e+05
5.3923e+05
3.8909e+05
3.5962e+05
4.4846e+05
4.4831e+05
3.9147e+05
4.9966e+05
3.976e+05
3.5296e+05
5.073e+05
5.0036e+05
3.6142e+05
5.5528e+05
3.9731e+05
5.2222e+05
4.2134e+05
3.53e+05
4.1596e+05
3.8594e+05
3.8788e+05
3.873e+05
3.8229e+05
5.1394e+05
3.8884e+05
3.5817e+05
3.5495e+05
3.5641e+05
3.8926e+05
3.8909e+05
4.0199e+05
4.033e+05
3.7753e+05
3.8647e+05
4.7344e+05
3.9057e+05
3.561e+05
3.9049e+05
3.564e+05
3.5629e+05
4.142e+05
4.6964e+05
3.5497e+05
4.4979e+05
4.4805e+05
3.9088e+05
4.4977e+05
3.5726e+05
3.8878e+05
4.5123e+05
3.648e+05
3.5943e+05
3.5923e+05
5.2464e+05
4.0332e+05
4.8562e+05
4.5377e+05
3.8933e+05
3.6118e+05
3.9194e+05
4.5093e+05
4.5066e+05
3.8209e+05
4.1178e+05
5.0233e+05
5.0026e+05
5.0492e+05
4.9863e+05
4.6564e+05
3.8912e+05
4.1683e+05
4.1536e+05
4.1681e+05
5.3952e+05
5.3923e+05
4.1178e+05
5.0025e+05
4.0618e+05
4.1974e+05
4.1813e+05
4.1858e+05
4.1334e+05
5.1048e+05
4.4976e+05
3.5497e+05
3.534e+05
4.1812e+05
3.6725e+05
3.9083e+05
4.2339e+05
3.7942e+05
3.7452e+05
3.6053e+05
4.5351e+05
4.2351e+05
4.0905e+05
3.7978e+05
3.6007e+05
3.5679e+05
4.9714e+05
3.7912e+05
4.4921e+05
4.1858e+05
3.8942e+05
3.8102e+05
3.907e+05
4.1872e+05
3.7454e+05
4.2365e+05
4.2366e+05
4.187e+05
4.4848e+05
3.791e+05
4.1644e+05
4.2363e+05
4.1872e+05
5.0729e+05
4.2334e+05
4.1351e+05
4.1872e+05
4.1873e+05
4.1898e+05
4.9892e+05
4.0707e+05
5.3272e+05
3.7965e+05
5.0227e+05
4.8897e+05
4.1413e+05
4.2378e+05
3.8374e+05
3.7856e+05
3.7958e+05
4.1844e+05
4.9977e+05
4.1829e+05
4.4785e+05
4.4749e+05
4.5283e+05
3.8402e+05
4.2317e+05
4.2766e+05
4.4154e+05
4.2337e+05
4.5715e+05
3.5386e+05
4.0736e+05
3.7896e+05
3.8305e+05
4.225e+05
3.6266e+05
4.249e+05
3.564e+05
4.174e+05
4.4802e+05
5.219e+05
4.4821e+05
4.5348e+05
4.5124e+05
3.5496e+05
3.5486e+05
4.4823e+05
4.4866e+05
4.5091e+05
4.5123e+05
3.8679e+05
3.8681e+05
4.0387e+05
4.4555e+05
5.3548e+05
4.3215e+05
4.463e+05
3.7718e+05
3.8789e+05
5.0703e+05
4.4745e+05
3.544e+05
4.4343e+05
4.4805e+05
3.7406e+05
4.4806e+05
3.5817e+05
3.8905e+05
3.9082e+05
3.5676e+05
3.9427e+05
3.9071e+05
3.9401e+05
4.5832e+05
4.4846e+05
4.498e+05
5.4746e+05
3.8093e+05
4.3621e+05
5.0731e+05
5.073e+05
5.4329e+05
5.4462e+05
3.9075e+05
3.5311e+05
3.5487e+05
4.8567e+05
3.5295e+05
3.5897e+05
3.5318e+05
5.0608e+05
3.8248e+05
3.8236e+05
3.9806e+05
3.9591e+05
3.5817e+05
3.5465e+05
3.748e+05
3.9253e+05
3.9139e+05
4.3729e+05
4.394e+05
3.8682e+05
3.5996e+05
3.6293e+05
3.905e+05
3.6246e+05
3.5319e+05
3.5618e+05
3.5316e+05
3.5468e+05
4.7502e+05
3.917e+05
4.5122e+05
3.9051e+05
3.5529e+05
3.5621e+05
3.9397e+05
4.5293e+05
4.5327e+05
4.1337e+05
4.1335e+05
3.576e+05
3.8615e+05
4.0729e+05
4.5319e+05
3.937e+05
4.1395e+05
3.5965e+05
3.9053e+05
4.5062e+05
4.5097e+05
3.9352e+05
3.8938e+05
3.6475e+05
3.5936e+05
3.645e+05
4.5296e+05
4.2169e+05
3.5495e+05
3.9201e+05
4.4948e+05
4.5093e+05
4.511e+05
4.1363e+05
4.4727e+05
3.8666e+05
4.1334e+05
4.1197e+05
4.1805e+05
4.1858e+05
4.1623e+05
3.9747e+05
4.4918e+05
3.5482e+05
4.166e+05
4.1855e+05
3.8627e+05
3.9063e+05
4.2357e+05
3.7944e+05
3.8522e+05
3.6054e+05
5.0701e+05
3.5976e+05
3.5989e+05
4.4847e+05
3.8896e+05
3.9082e+05
3.8668e+05
5.0472e+05
4.4348e+05
4.1884e+05
3.9431e+05
4.0097e+05
4.1826e+05
3.7419e+05
4.1642e+05
4.2363e+05
4.1508e+05
4.1774e+05
3.697e+05
3.7448e+05
4.2334e+05
4.2362e+05
4.2047e+05
5.0697e+05
4.2333e+05
3.7421e+05
4.1867e+05
4.1871e+05
4.1886e+05
5.3666e+05
4.0252e+05
3.7753e+05
3.7942e+05
4.1874e+05
4.5458e+05
3.746e+05
3.6438e+05
4.483e+05
3.5457e+05
3.597e+05
4.9214e+05
4.1856e+05
4.1825e+05
5.0734e+05
4.4759e+05
4.5816e+05
4.5083e+05
4.2338e+05
4.2735e+05
4.421e+05
4.2339e+05
4.5286e+05
3.5516e+05
4.0821e+05
3.7383e+05
4.2303e+05
4.1874e+05
3.6135e+05
4.249e+05
3.564e+05
4.1803e+05
5.22e+05
4.4821e+05
4.4822e+05
4.187e+05
4.1898e+05
4.4845e+05
4.4845e+05
4.5247e+05
4.4761e+05
3.7376e+05
3.794e+05
4.1816e+05
5.1058e+05
3.7473e+05
4.2657e+05
4.0706e+05
4.2235e+05
4.2438e+05
4.2465e+05
4.6885e+05
4.1884e+05
4.3187e+05
4.6831e+05
5.0264e+05
4.1941e+05
5.0878e+05
3.794e+05
3.5815e+05
3.9112e+05
3.9082e+05
4.4367e+05
4.2406e+05
3.94e+05
3.5962e+05
4.4875e+05
4.4855e+05
4.1799e+05
4.6075e+05
5.3531e+05
4.0874e+05
5.073e+05
5.0728e+05
4.206e+05
3.6368e+05
4.0078e+05
5.216e+05
3.7454e+05
4.1666e+05
4.1653e+05
3.8593e+05
3.8759e+05
3.8757e+05
3.8046e+05
5.041e+05
5.1947e+05
3.5817e+05
3.5816e+05
5.4136e+05
3.764e+05
3.9373e+05
4.0211e+05
3.7875e+05
4.4139e+05
3.8647e+05
3.9609e+05
3.9073e+05
3.561e+05
3.9664e+05
3.5646e+05
3.553e+05
4.223e+05
3.8133e+05
4.478e+05
3.5618e+05
3.8955e+05
3.7588e+05
3.5626e+05
3.5501e+05
3.888e+05
4.5096e+05
4.5325e+05
3.5955e+05
3.5917e+05
4.0698e+05
3.7739e+05
5.3272e+05
4.4595e+05
3.8911e+05
4.4965e+05
3.9202e+05
4.4948e+05
4.5087e+05
3.772e+05
3.8933e+05
3.5807e+05
5.0035e+05
5.0472e+05
4.9977e+05
3.9202e+05
3.8875e+05
4.1363e+05
4.1539e+05
4.1681e+05
4.1192e+05
5.3952e+05
4.164e+05
4.3636e+05
4.2209e+05
4.1972e+05
4.1364e+05
4.1856e+05
4.1192e+05
4.2203e+05
4.4976e+05
4.4763e+05
4.1366e+05
4.18e+05
4.1885e+05
3.9144e+05
3.9424e+05
4.2437e+05
3.7453e+05
3.6552e+05
3.5994e+05
5.0702e+05
3.5919e+05
4.5347e+05
4.4851e+05
3.8915e+05
3.9051e+05
3.7874e+05
4.3215e+05
3.8922e+05
4.1395e+05
4.192e+05
3.8821e+05
4.2334e+05
3.7436e+05
4.2365e+05
4.2407e+05
4.2059e+05
4.4806e+05
3.7968e+05
4.1425e+05
4.2363e+05
4.1641e+05
3.7452e+05
4.2347e+05
4.138e+05
4.187e+05
4.1872e+05
4.1883e+05
3.7434e+05
3.8071e+05
4.3966e+05
3.7941e+05
4.8258e+05
4.1874e+05
4.3842e+05
4.2336e+05
3.8403e+05
3.795e+05
4.1396e+05
3.731e+05
4.9224e+05
4.1842e+05
4.1828e+05
4.4739e+05
4.5815e+05
4.6032e+05
3.8477e+05
4.2766e+05
4.4183e+05
4.2335e+05
4.2767e+05
3.5581e+05
4.3873e+05
4.3791e+05
3.8795e+05
4.2247e+05
3.7884e+05
4.2491e+05
4.2027e+05
3.7606e+05
3.7444e+05
5.2221e+05
4.4821e+05
5.2193e+05
4.5097e+05
3.5484e+05
3.5528e+05
4.4806e+05
4.482e+05
4.4832e+05
4.512e+05
3.8228e+05
3.8681e+05
3.5492e+05
4.4954e+05
3.8666e+05
4.0991e+05
4.5404e+05
3.5732e+05
3.876e+05
5.0703e+05
5.0179e+05
3.5442e+05
3.5495e+05
3.7928e+05
4.4802e+05
4.5266e+05
3.7491e+05
3.5495e+05
3.9082e+05
3.9083e+05
3.5499e+05
3.9386e+05
3.9401e+05
3.596e+05
4.4846e+05
4.4831e+05
4.5928e+05
3.9093e+05
3.9763e+05
5.0235e+05
5.073e+05
5.0369e+05
3.5727e+05
5.5506e+05
3.9731e+05
5.2222e+05
4.2181e+05
3.5298e+05
4.1594e+05
3.8636e+05
5.0609e+05
3.8233e+05
3.8248e+05
5.1105e+05
3.9658e+05
3.5817e+05
3.5495e+05
3.7483e+05
3.8913e+05
3.937e+05
4.0127e+05
4.1841e+05
3.912e+05
3.5655e+05
3.6093e+05
3.81e+05
3.561e+05
3.9028e+05
3.5981e+05
3.5442e+05
3.7081e+05
4.2357e+05
3.524e+05
3.527e+05
3.7709e+05
3.7604e+05
4.4984e+05
3.9404e+05
3.9401e+05
4.5094e+05
4.1337e+05
4.1335e+05
4.1395e+05
3.8724e+05
4.0411e+05
4.5325e+05
4.5266e+05
4.1393e+05
3.5931e+05
3.9051e+05
4.5093e+05
4.4832e+05
4.4832e+05
4.1831e+05
3.6478e+05
3.5934e+05
3.5931e+05
4.5291e+05
4.4575e+05
3.9055e+05
3.9172e+05
3.5609e+05
4.5086e+05
4.5086e+05
3.5735e+05
3.5473e+05
3.627e+05
4.1379e+05
4.8244e+05
4.1858e+05
4.1858e+05
4.122e+05
5.1048e+05
4.492e+05
3.5477e+05
4.1332e+05
4.1719e+05
3.6623e+05
3.9086e+05
3.7466e+05
3.7944e+05
3.7944e+05
4.2018e+05
5.0701e+05
3.8433e+05
3.5989e+05
4.4849e+05
3.8464e+05
3.9592e+05
5.3947e+05
3.7821e+05
3.8331e+05
4.1913e+05
3.8939e+05
4.1539e+05
3.9426e+05
4.1871e+05
4.1634e+05
4.2363e+05
4.1151e+05
4.9635e+05
4.4807e+05
3.5919e+05
4.2336e+05
4.2391e+05
3.7903e+05
5.0123e+05
4.2363e+05
3.7434e+05
3.7434e+05
4.1875e+05
4.24e+05
3.6788e+05
5.0685e+05
3.7636e+05
3.7942e+05
3.7944e+05
3.6123e+05
4.2858e+05
3.6928e+05
3.7884e+05
4.041e+05
3.5492e+05
4.9711e+05
3.5643e+05
4.1873e+05
4.2352e+05
4.4717e+05
4.5804e+05
4.5231e+05
4.2338e+05
4.2766e+05
4.4178e+05
4.2334e+05
4.4789e+05
3.6301e+05
3.799e+05
3.7871e+05
5.1117e+05
4.2308e+05
3.7786e+05
4.249e+05
3.564e+05
4.1768e+05
3.7954e+05
4.4821e+05
4.48e+05
5.1699e+05
3.5469e+05
4.4845e+05
4.4845e+05
4.5247e+05
4.5249e+05
3.741e+05
3.7911e+05
4.1898e+05
4.4845e+05
3.7954e+05
4.2568e+05
5.0705e+05
4.2756e+05
4.2436e+05
4.2466e+05
4.2439e+05
4.1421e+05
4.3335e+05
4.6348e+05
4.9765e+05
4.1885e+05
4.1389e+05
3.8087e+05
3.5817e+05
4.2877e+05
3.9084e+05
4.1367e+05
5.3936e+05
3.9169e+05
3.596e+05
4.5366e+05
4.4845e+05
4.4861e+05
3.5559e+05
3.9753e+05
3.9196e+05
5.073e+05
5.0733e+05
4.1912e+05
3.6309e+05
3.9844e+05
3.9096e+05
3.7454e+05
4.169e+05
4.1509e+05
3.6601e+05
3.8753e+05
5.0753e+05
3.8233e+05
3.8238e+05
3.5705e+05
3.5526e+05
3.5819e+05
3.909e+05
3.8478e+05
3.8765e+05
3.9217e+05
5.3491e+05
3.7318e+05
3.8273e+05
3.5699e+05
3.8292e+05
5.0385e+05
3.5679e+05
3.5778e+05
3.8606e+05
5.0996e+05
3.5668e+05
4.4635e+05
3.5324e+05
3.9272e+05
3.8607e+05
5.1048e+05
3.5691e+05
3.8938e+05
4.5606e+05
3.598e+05
3.5962e+05
3.9425e+05
3.58e+05
5.3434e+05
4.5034e+05
3.8417e+05
3.8674e+05
3.972e+05
3.9174e+05
3.9051e+05
3.576e+05
3.9168e+05
3.9121e+05
3.5678e+05
5.0254e+05
5.0475e+05
5.1045e+05
3.8216e+05
3.5733e+05
4.4428e+05
4.1536e+05
4.1683e+05
4.1192e+05
5.3923e+05
5.4297e+05
4.9991e+05
4.3993e+05
4.1392e+05
4.1335e+05
4.1812e+05
4.151e+05
4.2232e+05
4.4947e+05
4.495e+05
4.1999e+05
3.8426e+05
4.2158e+05
3.9099e+05
3.9067e+05
4.2361e+05
3.7944e+05
3.6555e+05
3.6003e+05
5.0701e+05
3.7884e+05
3.6074e+05
4.485e+05
3.825e+05
3.5617e+05
4.4536e+05
3.7958e+05
4.1418e+05
4.1916e+05
3.5528e+05
3.9601e+05
4.2334e+05
3.7405e+05
4.2336e+05
4.2363e+05
4.1874e+05
4.5292e+05
4.1407e+05
4.1511e+05
4.2363e+05
4.2335e+05
4.1875e+05
5.0697e+05
4.2333e+05
3.7448e+05
4.1882e+05
4.1963e+05
5.2695e+05
4.3882e+05
3.7958e+05
3.7942e+05
3.7453e+05
4.1874e+05
3.8088e+05
4.1413e+05
3.8404e+05
3.7869e+05
3.8553e+05
4.1914e+05
4.8669e+05
4.1684e+05
4.1886e+05
4.1878e+05
4.5312e+05
4.58e+05
3.7887e+05
4.2765e+05
3.8805e+05
4.274e+05
4.2334e+05
4.4943e+05
5.3686e+05
3.7902e+05
3.738e+05
4.2245e+05
3.7481e+05
3.6109e+05
4.4975e+05
3.564e+05
4.1835e+05
5.2221e+05
4.4821e+05
4.4822e+05
3.5525e+05
4.4888e+05
3.5516e+05
4.4802e+05
4.4823e+05
4.4773e+05
4.5121e+05
3.7923e+05
3.8462e+05
3.7948e+05
4.5016e+05
3.6184e+05
3.5296e+05
3.7908e+05
3.5354e+05
3.8114e+05
3.5719e+05
3.6855e+05
3.578e+05
3.8091e+05
4.9071e+05
4.0789e+05
3.9561e+05
5.5592e+05
3.5234e+05
3.5234e+05
3.5234e+05
3.5234e+05
3.5234e+05
